1.052480280399322510e+00
9.056164979934692161e-01
8.094459831714629905e-01
7.587156176567078081e-01
7.265198409557342973e-01
6.982606768608092818e-01
6.661544859409331831e-01
6.374905705451965332e-01
6.108258128166198508e-01
5.838858127593994363e-01
4.963819921016693337e-01
3.632594108581542747e-01
2.704795762896538003e-01
2.223363175988197216e-01
1.971249848604202382e-01
1.826909720897674505e-01
1.729396700859069935e-01
1.663913667201995794e-01
1.611633524298667908e-01
1.578047797083854675e-01
1.274503730237483978e-01
1.204665370285511045e-01
1.128130011260509435e-01
1.067417941987514468e-01
1.017662636935710851e-01
9.693553969264030734e-02
9.266830012202262323e-02
8.884572684764861783e-02
8.640872314572334290e-02
8.356835991144180575e-02
7.837004587054252625e-02
7.458894066512584964e-02
7.129473425447940826e-02
6.811473481357097071e-02
6.466904133558273871e-02
6.249349564313888550e-02
6.021360568702220639e-02
5.802313033491372785e-02
5.686219520866871158e-02
5.505633279681206027e-02
3.970104753971100131e-02
3.930343147367239276e-02
3.767356593161821227e-02
3.678003735840320448e-02
3.647718923166394511e-02
3.503237776458263675e-02
3.469546074047684392e-02
3.379185227677226205e-02
3.318778602406382422e-02
3.307028673589229584e-02
4.997731707990169664e-02
4.951497353613376617e-02
4.845776874572038651e-02
4.756739530712365827e-02
4.693864602595567564e-02
4.609780348837375780e-02
4.523115176707506041e-02
4.490267038345337192e-02
4.412412997335195264e-02
4.341427348554134646e-02
3.508536126464605054e-02
3.436325099319219312e-02
3.415015712380409241e-02
3.372574839740991731e-02
3.353490289300679883e-02
3.308545779436826428e-02
3.274915162473916730e-02
3.215331621468067030e-02
3.219594759866595268e-02
3.187590800225734849e-02
3.908664770424365859e-02
3.880303502082824846e-02
3.867123965173959593e-02
3.800161238759756227e-02
3.788063600659370700e-02
3.732485007494688173e-02
3.721668720245361467e-02
3.729817792773246904e-02
3.699954487383365354e-02
3.703153952956199368e-02
3.942670403048396249e-02
3.852211227640509744e-02
3.873605774715542516e-02
3.861055001616477828e-02
3.827550839632749835e-02
3.802595958113670627e-02
3.774507800117134909e-02
3.762549962848425050e-02
3.777945777401327948e-02
3.735953317955136022e-02
4.685215386562049250e-02
4.665055056102573872e-02
4.595678024925291261e-02
4.600973143242299834e-02
4.586654091253876409e-02
4.536481457762420177e-02
4.534228988923132142e-02
4.520193366333842555e-02
4.428832209669053555e-02
4.472332973964512209e-02
7.633455656468868256e-02
7.550222035497426709e-02
7.387029249221085947e-02
7.369889393448829373e-02
7.282813880592584055e-02
7.202563416212796887e-02
7.108495589345693866e-02
6.959948260337114889e-02
6.872921828180551806e-02
6.736306492239237109e-02
2.182100847363472040e-01
2.149515315890312139e-01
2.115348801016807556e-01
2.077122136950492748e-01
2.023523434996604975e-01
1.993178784847259577e-01
1.956826835870742742e-01
1.909390300512313898e-01
1.865129634737968389e-01
1.809915110468864330e-01
1.441502362489700262e-01
1.398640275001525879e-01
1.359446369111537989e-01
1.327135264873504639e-01
1.290943153202533666e-01
1.264126099646091517e-01
1.236677423119545011e-01
1.196599200367927524e-01
1.181205742061138125e-01
1.147341921925544711e-01
9.179064221680163782e-02
8.922554515302180689e-02
8.760624825954436978e-02
8.614315912127494534e-02
8.501319661736488065e-02
8.353647626936436255e-02
8.252542056143283289e-02
8.147198259830475131e-02
8.022859804332256595e-02
7.918480336666107455e-02
9.621971175074577054e-02
9.603301547467708865e-02
9.449944347143172940e-02
9.235300309956073761e-02
9.061637967824935636e-02
8.942664079368115027e-02
8.812937401235103330e-02
8.708987794816494543e-02
8.661394417285919745e-02
8.501879125833511353e-02
6.934667862951755801e-02
6.151595935225486617e-02
5.636310558766126355e-02
5.270995032042265216e-02
5.135657601058483263e-02
4.961596801877021790e-02
4.925127346068620959e-02
4.898872096091509004e-02
4.763712473213672915e-02
4.710690341889858107e-02
4.302960466593504230e-02
4.237871328368782858e-02
4.174711499363183836e-02
4.114972660318017006e-02
4.070307174697518349e-02
3.990781195461749753e-02
3.948323773220181743e-02
3.901080749928951402e-02
3.889587512239813666e-02
3.828762797638773918e-02
9.495521038770675382e-02
9.653134383261204043e-02
9.436230324208735865e-02
9.552440345287323276e-02
9.585561864078044614e-02
9.561341553926468173e-02
9.341952018439769745e-02
9.366966076195240576e-02
9.297912679612636844e-02
9.415510296821594238e-02
4.644473101943731586e-02
4.553052019327878674e-02
4.589393613860011378e-02
4.532319074496626854e-02
4.516347097232938090e-02
4.528155317530035973e-02
4.482576707378029685e-02
4.464854132384062091e-02
4.413140881806611876e-02
4.404273759573697905e-02
5.161099165678024736e-01
5.151005953550338301e-01
5.166055262088775635e-01
5.154868751764297707e-01
5.155518323183059248e-01
5.136879295110702293e-01
5.137285947799682395e-01
5.136030495166779009e-01
5.130895107984543291e-01
5.145534545183181319e-01
9.086418032646179643e-01
9.086846172809600608e-01
9.066762328147888184e-01
9.067093670368194802e-01
9.080764234066009966e-01
9.079985797405243364e-01
9.068479835987091064e-01
9.063964545726775901e-01
9.047550022602081077e-01
9.069780945777893288e-01
1.006484913825988814e+00
1.003629285097122237e+00
1.003831773996353149e+00
1.003328168392181308e+00
1.004563438892364546e+00
1.001270139217376620e+00
1.005550974607467563e+00
1.004954767227172807e+00
1.005830264091491788e+00
1.003040921688079790e+00
7.565971672534942405e-01
7.556710541248321533e-01
7.563088476657867654e-01
7.547942936420440896e-01
7.548713564872742143e-01
7.543673634529113325e-01
7.539063632488250954e-01
7.528449654579162376e-01
7.532291650772094949e-01
7.516969919204712358e-01
9.589656889438629150e-01
9.597960770130157249e-01
9.594185829162598100e-01
9.579133331775665505e-01
9.569441914558410867e-01
9.591411650180816650e-01
9.539738297462463379e-01
9.552526116371155007e-01
9.515220403671265093e-01
9.587767660617828591e-01
1.053701591491699174e+00
1.052166146039962724e+00
1.051981341838836626e+00
1.053174215555191084e+00
1.051029253005981490e+00
1.052322494983673140e+00
1.049814116954803422e+00
1.052461373805999800e+00
1.051222026348114014e+00
1.050362485647201582e+00
6.744312047958374023e-01
6.757500380277633445e-01
6.737189710140227827e-01
6.746383994817733987e-01
6.736680537462234053e-01
6.723754733800888506e-01
6.744948118925094827e-01
6.730702459812164529e-01
6.746816128492355569e-01
6.695599526166915449e-01
5.654252022504806519e-01
5.667314052581786665e-01
5.645374000072479470e-01
5.648026138544082198e-01
5.667726248502731323e-01
5.642994642257690430e-01
5.635061591863632646e-01
5.645012706518173218e-01
5.624855577945708784e-01
5.631235212087630781e-01
2.183750726282596699e-01
2.175686188042163793e-01
2.173660688102245220e-01
2.178189620375633184e-01
2.177539110183715765e-01
2.212495036423206274e-01
2.171802222728729248e-01
2.168457821011543218e-01
2.157187864184379467e-01
2.164313718676567078e-01
5.331213265657425149e-01
5.347197383642197099e-01
5.329495072364807129e-01
5.322477817535400391e-01
5.322164267301559004e-01
5.333986401557921919e-01
5.323508679866790771e-01
5.333575159311294556e-01
5.315523117780684981e-01
5.330394119024276511e-01
9.031277239322662576e-01
9.014843761920928733e-01
9.045387446880340798e-01
9.021896421909332275e-01
9.019003510475158691e-01
8.998150646686553511e-01
9.011007010936736839e-01
9.014600276947021262e-01
9.022630751132965088e-01
8.997036457061767800e-01
1.006560605764388994e+00
1.010876882076263472e+00
1.006474453210830733e+00
1.005329310894012451e+00
1.005119556188583285e+00
1.006814217567443936e+00
1.007296293973922729e+00
1.006057125329971269e+00
1.008284133672714189e+00
1.007393026351928622e+00
1.102142775058746249e+00
1.101560688018798917e+00
1.103739035129547075e+00
1.103097552061080844e+00
1.101552039384841919e+00
1.101284801959991455e+00
1.099781662225723267e+00
1.098773139715194747e+00
1.101356971263885542e+00
1.100091546773910522e+00
1.379241347312927246e+00
1.379964911937713534e+00
1.378396844863891690e+00
1.376445662975311235e+00
1.377494668960571378e+00
1.377937221527099521e+00
1.377438771724700972e+00
1.375348448753356934e+00
1.377772057056426913e+00
1.374245953559875444e+00
1.177781683206558183e+00
1.173509669303893999e+00
1.172802382707595736e+00
1.175227195024490356e+00
1.172085690498352095e+00
1.169576197862625122e+00
1.171941828727722124e+00
1.170787632465362549e+00
1.169965225458145186e+00
1.171925920248031661e+00
1.350709915161132812e+00
1.351001501083374023e+00
1.350472354888915927e+00
1.347885453701019198e+00
1.350265598297119229e+00
1.349941873550414950e+00
1.347185313701629639e+00
1.346378874778747514e+00
1.344759070873260409e+00
1.346000576019287021e+00
1.403453201055526733e+00
1.402893394231796265e+00
1.403802067041397095e+00
1.403335690498352051e+00
1.402228271961212247e+00
1.399671435356140137e+00
1.398810380697250277e+00
1.398255664110183760e+00
1.399051594734191939e+00
1.401975429058075040e+00
1.238227468729019121e+00
1.237165468931198165e+00
1.238569122552871660e+00
1.235175478458404585e+00
1.235145342350006059e+00
1.233847129344940230e+00
1.231311714649200528e+00
1.230845242738723755e+00
1.233002680540084883e+00
1.228931432962417691e+00
1.298787480592727750e+00
1.293849998712539584e+00
1.283562541007995605e+00
1.268925750255584628e+00
1.230775368213653520e+00
1.122806870937347323e+00
7.964529514312743697e-01
5.584872782230376753e-01
4.349005818367004395e-01
3.783332288265228160e-01
3.874047070741653553e-01
3.528624862432480080e-01
3.227036565542221180e-01
3.041376292705536000e-01
2.874080538749694824e-01
2.745511144399642722e-01
2.640896201133727805e-01
2.534531593322754128e-01
2.446477398276329096e-01
2.396263480186462402e-01
2.473456561565399170e-01
2.396931275725364685e-01
2.334573000669479259e-01
2.290778502821922413e-01
2.246191293001174871e-01
2.207319021224975475e-01
2.170460656285286005e-01
2.120461776852607672e-01
2.077972650527954157e-01
2.059362083673477173e-01
2.268236964941024725e-01
2.126007139682769831e-01
2.051875993609428295e-01
1.993854194879531860e-01
1.951114058494567982e-01
1.928322255611419622e-01
1.911945641040802002e-01
1.877428531646728460e-01
1.870576106011867523e-01
1.844396509230136760e-01
2.480150088667869568e-01
2.171535432338714544e-01
2.061155229806899969e-01
1.980676755309104808e-01
1.934384346008300726e-01
1.898638457059860229e-01
1.860952869057655445e-01
1.825111582875251770e-01
1.797825574874877819e-01
1.760797113180160578e-01
1.660006605088710785e-01
1.597984649240970501e-01
1.560440339148044531e-01
1.520357429981231689e-01
1.490336529910564478e-01
1.470445603132247980e-01
1.462603300809860174e-01
1.443499721586704310e-01
1.430643297731876429e-01
1.417785577476024517e-01
2.043296262621879522e-01
1.951505661010742299e-01
1.898496493697166554e-01
1.838346168398857228e-01
1.786149799823761042e-01
1.736366942524910084e-01
1.695943742990493885e-01
1.666131027042865864e-01
1.632271781563758850e-01
1.604531049728393499e-01
2.130332320928573497e-01
2.097061082720756420e-01
2.051983237266540583e-01
2.010351419448852539e-01
1.979203045368194691e-01
1.949780657887458801e-01
1.925505578517913707e-01
1.886355601251125391e-01
1.855740465223789104e-01
1.822109617292881067e-01
1.992180384695529938e-01
1.866584137082099859e-01
1.849042758345603998e-01
1.812529057264327947e-01
1.772677622735500391e-01
1.740378692746162304e-01
1.702882930636406000e-01
1.672286719083785900e-01
1.645304955542087610e-01
1.632943190634250641e-01
1.983339823782444000e-01
1.760351583361625671e-01
1.721178397536277660e-01
1.696717895567417256e-01
1.663973711431026570e-01
1.637838609516620580e-01
1.607197590172290691e-01
1.584851808845996746e-01
1.571826279163360540e-01
1.549898125231266022e-01
1.581839092075824627e-01
1.399406440556049402e-01
1.369845874607563130e-01
1.330100461840629522e-01
1.310101062059402521e-01
1.303074330091476551e-01
1.289581269025802668e-01
1.268193848431110327e-01
1.255526334047317449e-01
1.239098787307739286e-01
2.366567075252533070e-01
1.835551038384437561e-01
1.698394805192947332e-01
1.636030524969100952e-01
1.578764997422695271e-01
1.558920480310916901e-01
1.551261343061924036e-01
1.526185810565948431e-01
1.523989714682102148e-01
1.526222288608551081e-01
2.619456037878989951e-01
2.135855540633201655e-01
2.030846238136291559e-01
1.983687996864318959e-01
1.943115696310996898e-01
1.915597215294838063e-01
1.914690919220447540e-01
1.899473823606968037e-01
1.892284229397773743e-01
1.885498434305191151e-01
