1.745723092555999667e+00
1.315692019462585405e+00
9.258083522319793257e-01
6.467949748039245605e-01
4.821090430021285900e-01
3.912099212408065574e-01
3.396803796291351096e-01
3.095613807439804299e-01
2.894161850214004295e-01
2.750394478440284507e-01
1.809364151954650834e+00
1.635978460311889648e+00
1.321978092193603516e+00
9.424364507198333962e-01
6.447703123092651811e-01
5.011892825365066306e-01
4.476824730634689220e-01
4.267396837472915427e-01
4.079464107751846202e-01
3.931709557771682628e-01
4.819833993911742942e-01
3.869187802076339833e-01
2.931840747594833263e-01
2.274666368961334173e-01
1.857278093695640675e-01
1.595737531781196705e-01
1.407378368079662267e-01
1.270140536129474584e-01
1.189937159419059698e-01
1.106616012752056066e-01
1.036007553339004517e-01
9.595085754990577420e-02
8.915196061134338101e-02
8.451303541660308560e-02
7.979826070368289948e-02
7.574705295264720639e-02
7.250928282737731378e-02
6.928558312356472570e-02
6.680091507732868750e-02
6.565948985517025549e-02
5.885998941957950453e-02
5.720430985093116760e-02
5.589902177453041215e-02
5.481283962726592879e-02
5.353509746491909305e-02
5.281251631677150865e-02
5.216184370219707767e-02
5.119977425783872604e-02
5.047257095575332503e-02
4.979780670255422315e-02
5.058491621166467944e-02
5.006553754210472246e-02
4.928213842213154117e-02
4.830427952110767642e-02
4.705868512392043929e-02
4.676848985254764696e-02
4.600905235856771192e-02
4.553333632647991319e-02
4.500212706625461578e-02
4.373726062476634979e-02
5.409281831234693388e-02
5.274990014731884003e-02
5.207865592092275620e-02
5.084912460297345838e-02
4.995882771909236630e-02
4.904788993299007138e-02
4.849000517278909822e-02
4.793580342084169388e-02
4.625896140933036943e-02
4.641709942370653152e-02
7.085399813950062076e-02
6.983047872781752985e-02
6.807199418544769565e-02
6.688243038952350339e-02
6.419181749224663058e-02
6.223223395645618300e-02
6.183526813983917375e-02
6.080860365182161331e-02
5.935019794851541242e-02
5.854117255657911162e-02
1.705226242542266790e-01
1.633514285087585560e-01
1.529395803809165955e-01
1.429273150861263275e-01
1.324881814420223181e-01
1.252211697399616130e-01
1.182365324348211288e-01
1.118612281978130368e-01
1.067238360643386896e-01
1.030181627720594406e-01
1.544864177703857422e-01
1.375050432980060577e-01
1.234542094171047211e-01
1.184011705219745608e-01
1.157752983272075653e-01
1.122846163809299441e-01
1.099726319313049372e-01
1.083245135843753787e-01
1.065321959555149134e-01
1.042766906321048737e-01
8.842900395393371582e-02
8.232560679316520968e-02
7.888554222881793976e-02
7.708073221147060394e-02
7.625325098633765897e-02
7.542085014283657352e-02
7.400151751935482580e-02
7.288460731506347934e-02
7.205881550908088684e-02
7.125027179718017301e-02
7.597330585122108459e-02
7.372420839965343475e-02
7.190908920019864481e-02
7.103210110217332562e-02
7.021315284073352536e-02
6.914473231881856918e-02
6.759679783135652542e-02
6.741648633033037186e-02
6.646482795476912897e-02
6.631174497306346893e-02
1.122036558389663652e+00
1.027838933467865035e+00
8.717829406261443648e-01
6.448827385902404785e-01
4.295259058475494607e-01
3.162550449371338002e-01
2.627907484769821389e-01
2.222952216863632313e-01
1.955287054181099049e-01
1.771911621093749944e-01
4.088581591844558938e-01
2.576983496546745300e-01
1.948049232363700811e-01
1.848372533917427007e-01
1.731054797768592779e-01
1.613453790545463507e-01
1.555415920913219563e-01
1.499553076922893469e-01
1.447305701673030909e-01
1.414223119616508373e-01
1.527112074196338709e-01
1.322640776634216309e-01
1.215524449944496155e-01
1.166676104068756076e-01
1.139942757785320226e-01
1.106266759335994693e-01
1.080976389348506927e-01
1.058359399437904386e-01
1.057780958712100927e-01
1.034225121140480014e-01
1.651428461074829213e-01
1.230140201747417505e-01
1.004971623420715388e-01
9.493631832301616114e-02
9.360055252909660339e-02
9.065634906291961115e-02
8.863342106342315951e-02
8.542030863463878632e-02
8.381898961961269101e-02
8.270154744386673529e-02
7.070631794631480893e-02
7.034355923533439081e-02
6.927107237279414576e-02
6.878487989306450445e-02
6.822782792150974829e-02
6.755762100219726840e-02
6.730840690433978479e-02
6.668624915182590207e-02
6.546059437096118927e-02
6.481722295284271518e-02
7.944843210279942114e-02
7.773846127092838565e-02
7.659333012998104095e-02
7.539443410933018008e-02
7.494684942066669187e-02
7.458511814475059232e-02
7.312019765377045233e-02
7.241753339767456610e-02
7.243539839982986173e-02
7.212768308818340302e-02
8.199475929141045172e-02
7.602249719202518186e-02
7.306673973798752386e-02
7.292058952152728757e-02
7.266645170748234350e-02
7.206640429794788916e-02
7.148870639503002167e-02
7.064627334475517828e-02
7.074410468339920044e-02
6.982730403542518338e-02
7.692343965172768194e-02
7.616088725626468658e-02
7.562517933547496796e-02
7.537367343902587336e-02
7.479644045233727057e-02
7.419959306716919500e-02
7.373333200812340338e-02
7.358600944280624390e-02
7.311495654284953793e-02
7.328188009560107630e-02
