8.264540672302246316e-01
8.265963554382323997e-01
8.267442941665649192e-01
8.269866049289703591e-01
8.273764252662658691e-01
8.276329159736632857e-01
8.278301537036896196e-01
8.280910015106200950e-01
8.283470690250396284e-01
8.285717248916626421e-01
8.289266765117645486e-01
8.292138576507568359e-01
8.296459496021271196e-01
8.300898492336272749e-01
8.304579913616180198e-01
8.308124423027039018e-01
8.312269985675811990e-01
8.317426383495331033e-01
8.321484565734863503e-01
8.326501250267028809e-01
8.331225335597991499e-01
8.337219297885894997e-01
8.344002246856689897e-01
8.351127982139587846e-01
8.359670698642730491e-01
8.367402136325836626e-01
8.375156939029693159e-01
8.382881879806518555e-01
8.391417980194091353e-01
8.400193095207214578e-01
8.409019827842711958e-01
8.418686449527740256e-01
8.428781926631927490e-01
8.439063012599945512e-01
8.449624538421630637e-01
8.461147785186767800e-01
8.473267853260040283e-01
8.485888004302978294e-01
8.499558269977569580e-01
8.513638675212860107e-01
8.528873324394226074e-01
8.545410871505737527e-01
8.563747584819794145e-01
8.582317411899567094e-01
8.601600289344787376e-01
8.622431337833404985e-01
8.645367801189423052e-01
8.669705450534820335e-01
8.695797026157379150e-01
8.722649216651916504e-01
8.071212589740752730e-01
8.086331725120544656e-01
8.103254139423370361e-01
8.122174263000487837e-01
8.143317520618438277e-01
8.167067825794219749e-01
8.193732619285583052e-01
8.222670793533325417e-01
8.253156781196594460e-01
8.286495864391326682e-01
8.322133898735046831e-01
8.361785173416137473e-01
8.404812157154083474e-01
8.448346197605133279e-01
8.496099054813385232e-01
8.547872006893157959e-01
8.602571606636046919e-01
8.661855459213256836e-01
8.725239396095275657e-01
8.793856859207153098e-01
8.866057634353637917e-01
8.940407752990722212e-01
9.019199311733245850e-01
9.104626774787902832e-01
9.196847140789031760e-01
9.292379319667816162e-01
9.394425332546234575e-01
9.502625405788421853e-01
9.614428400993346724e-01
9.733192384243011253e-01
9.857144534587860552e-01
9.989002406597137229e-01
1.013015884160995528e+00
1.027692848443984897e+00
1.043271720409393311e+00
1.059673845767974854e+00
1.077233177423477128e+00
1.096034008264541670e+00
1.115686178207397461e+00
1.135756480693817183e+00
1.156592965126037598e+00
1.178605109453201294e+00
1.201721030473709151e+00
1.225657987594604537e+00
1.251025927066802934e+00
1.277695643901824996e+00
1.305255818367004439e+00
1.334686124324798495e+00
1.365978157520294278e+00
1.398621094226837114e+00
1.368295598030090376e+00
1.396160733699798540e+00
1.424426269531249956e+00
1.453440427780151367e+00
1.483658385276794389e+00
1.514694011211395352e+00
1.547179901599883944e+00
1.581092441082000644e+00
1.615594816207885698e+00
1.651167154312133789e+00
1.688297772407531649e+00
1.726437139511108443e+00
1.766136574745178267e+00
1.806898677349090487e+00
1.849302589893341064e+00
1.892682218551635653e+00
1.936707043647766024e+00
1.983553445339202970e+00
2.032608544826507657e+00
2.082797348499298096e+00
2.133907341957092196e+00
2.186300277709960938e+00
2.240798234939575195e+00
2.296733713150024503e+00
2.355009222030639560e+00
2.415046787261962979e+00
2.476521766185760587e+00
2.538325548171997070e+00
2.602218890190124423e+00
2.667327475547790705e+00
2.734115815162658780e+00
2.803646302223205655e+00
2.875312852859496893e+00
2.949055910110473633e+00
3.024021506309509277e+00
3.099800252914428622e+00
3.178358101844787509e+00
3.258900666236877353e+00
3.341459774971008212e+00
3.425140213966369807e+00
3.510643219947815030e+00
3.597693514823913752e+00
3.685654282569885254e+00
3.775748276710510165e+00
3.866958832740783780e+00
3.959472799301147372e+00
4.054298686981200994e+00
4.150401782989502131e+00
4.247045326232909979e+00
4.345098233222961071e+00
4.246449851989746449e+00
4.324009537696838379e+00
4.390328073501587269e+00
4.452504754066467285e+00
4.512666273117065252e+00
4.571156382560729980e+00
4.628045082092285156e+00
4.684114027023315252e+00
4.739407730102539240e+00
4.793608617782592951e+00
4.846751642227173029e+00
4.898708295822143732e+00
4.949629354476928533e+00
4.998570680618286133e+00
5.046184539794921875e+00
5.091970777511596324e+00
5.136261796951293590e+00
5.179259157180785778e+00
5.220681762695312145e+00
5.260318422317505238e+00
5.298216915130614879e+00
5.334248876571654918e+00
5.368468379974364879e+00
5.401042795181274059e+00
5.432042598724365234e+00
5.460890483856201350e+00
5.487391996383666815e+00
5.511416816711426137e+00
5.532991933822631658e+00
5.553086757659912109e+00
5.571570491790771129e+00
5.587806272506713690e+00
5.602211904525757014e+00
5.614636421203613281e+00
5.625174522399902344e+00
5.634368991851806285e+00
5.642220115661620738e+00
5.649057435989379705e+00
5.654412698745727717e+00
5.656789159774779918e+00
5.657104063034057440e+00
5.656055402755737482e+00
5.653554058074950817e+00
5.649828815460205433e+00
5.644698143005371094e+00
5.639231443405151367e+00
5.632614803314209162e+00
5.624188470840453924e+00
5.614335203170776722e+00
5.602991867065429510e+00
5.358672761917114613e+00
5.377496433258056818e+00
5.411644649505615412e+00
5.449875736236572621e+00
5.489395952224731090e+00
5.526956748962402521e+00
5.562745571136474609e+00
5.596888399124145153e+00
5.629777860641479670e+00
5.661959505081176403e+00
5.693086147308349609e+00
5.722533988952636541e+00
5.749347496032714666e+00
5.773538208007812145e+00
5.796101570129394531e+00
5.816351032257079723e+00
5.834584379196167347e+00
5.850822401046753107e+00
5.863443231582641246e+00
5.870738840103149059e+00
5.879674196243286133e+00
5.888482666015624645e+00
5.894560098648071289e+00
5.898612499237060547e+00
5.901590108871459961e+00
5.902906417846679688e+00
5.901630687713622869e+00
5.898220777511596680e+00
5.893588066101074219e+00
5.887514638900756658e+00
5.880023574829101207e+00
5.870998668670654119e+00
5.860406494140624645e+00
5.848281192779540838e+00
5.834881353378295721e+00
5.819319343566894176e+00
5.802482557296753107e+00
5.784306192398071644e+00
5.765959978103637695e+00
5.746900177001952770e+00
5.727955818176269531e+00
5.707851409912109375e+00
5.685945177078247426e+00
5.661017704010009588e+00
5.634920501708984730e+00
5.609977674484253107e+00
5.583743381500243963e+00
5.556678915023804066e+00
5.529204034805298207e+00
5.501315355300903320e+00
5.498928165435790660e+00
5.474309301376342418e+00
5.442836236953735529e+00
5.408244371414184570e+00
5.373103141784667969e+00
5.338020896911620738e+00
5.302391386032104137e+00
5.265183973312377752e+00
5.227015542984008611e+00
5.188050079345702947e+00
5.149292278289794744e+00
5.110284280776977717e+00
5.071536302566528320e+00
5.032747697830200373e+00
4.994005107879639027e+00
4.955950498580932617e+00
4.918567323684692738e+00
4.880907177925109863e+00
4.843614912033080699e+00
4.806697154045105336e+00
4.770510601997375311e+00
4.734868884086608887e+00
4.699778580665588734e+00
4.664474296569824041e+00
4.629473662376403453e+00
4.594211220741271973e+00
4.559773659706115367e+00
4.526106142997742054e+00
4.491869950294494984e+00
4.457312607765198109e+00
4.423147439956665039e+00
4.389146232604980824e+00
4.355904507637023748e+00
4.322739624977112172e+00
4.289799690246582031e+00
4.257393217086791637e+00
4.225959372520446955e+00
4.195149374008178889e+00
4.164360570907592596e+00
4.134244394302368342e+00
4.104657721519470392e+00
4.075465679168701172e+00
4.047414183616638184e+00
4.020382571220397772e+00
3.993313860893249689e+00
3.965515756607055575e+00
3.938168978691101163e+00
3.912314581871032537e+00
3.888075089454650968e+00
3.864703559875488192e+00
4.069673323631286976e+00
4.032606554031372248e+00
3.992322278022766291e+00
3.952268075942993342e+00
3.913945770263671964e+00
3.877410864830017179e+00
3.841639089584350408e+00
3.807405161857604803e+00
3.773793458938598633e+00
3.742700767517090021e+00
3.713503575325012296e+00
3.686663866043090820e+00
3.661561822891235440e+00
3.636603713035583496e+00
3.612322402000427424e+00
3.589287471771240412e+00
3.567895627021789640e+00
3.547538638114929199e+00
3.528537678718566717e+00
3.510595822334289462e+00
3.493926143646240323e+00
3.478894376754760653e+00
3.464881467819213690e+00
3.451621985435485929e+00
3.439187932014465154e+00
3.428429603576660156e+00
3.419864511489868253e+00
3.412266349792480558e+00
3.404823422431945801e+00
3.398155522346496760e+00
3.392452597618103027e+00
3.387619209289550959e+00
3.383957123756408780e+00
3.381400752067565740e+00
3.379881191253661932e+00
3.378660082817077637e+00
3.378464937210083008e+00
3.380123019218444824e+00
3.382955718040466131e+00
3.385859727859497070e+00
3.389024448394775568e+00
3.391743302345275879e+00
3.395813035964965643e+00
3.399625563621520907e+00
3.403720021247863770e+00
3.408911323547363370e+00
3.415449929237365900e+00
3.422482872009277255e+00
3.430140233039856046e+00
3.439420843124389560e+00
3.423268556594848633e+00
3.427340364456176847e+00
3.429375553131103427e+00
3.431330275535583674e+00
3.433864378929138095e+00
3.436750292778015137e+00
3.440221405029296964e+00
3.444372081756591708e+00
3.449682664871215998e+00
3.455605006217956632e+00
3.461583900451659979e+00
3.467405724525451483e+00
3.473949170112609952e+00
3.481607460975646884e+00
3.490338039398193537e+00
3.500319194793701350e+00
3.511601400375366389e+00
3.523970270156860263e+00
3.537405633926391513e+00
3.550676083564758390e+00
3.563839745521545588e+00
3.578327131271362482e+00
3.593117570877075284e+00
3.608401608467102228e+00
3.624288225173950106e+00
3.640862917900085538e+00
3.657786488533020020e+00
3.676088666915893644e+00
3.694456005096435458e+00
3.713568758964538752e+00
3.733396196365356356e+00
3.754335689544677557e+00
3.776249575614929022e+00
3.799665236473083407e+00
3.824109363555908025e+00
3.849397444725036532e+00
3.875801539421081632e+00
3.902839756011962979e+00
3.930720233917236239e+00
3.959036588668823242e+00
3.987376284599304377e+00
4.016652226448059082e+00
4.046947908401489435e+00
4.078082489967346014e+00
4.109901976585388361e+00
4.143124580383300781e+00
4.177113819122314275e+00
4.211973237991332830e+00
4.247545170783996404e+00
4.283738017082214355e+00
4.181257891654968084e+00
4.221526670455932440e+00
4.264881277084350941e+00
4.310651326179504750e+00
4.357485508918761852e+00
4.406313490867614924e+00
4.457664990425110219e+00
4.508701157569885432e+00
4.560525512695312145e+00
4.611663818359375000e+00
4.664620399475097656e+00
4.719353890419005992e+00
4.776284670829772594e+00
4.834714245796203791e+00
4.894529747962951483e+00
4.955473732948303400e+00
5.015770244598388494e+00
5.075819182395934881e+00
5.138791465759277699e+00
5.201886701583862127e+00
5.269296026229858043e+00
5.337926864624023438e+00
5.406442451477050604e+00
5.477968502044677557e+00
5.550410556793212713e+00
5.623598718643188832e+00
5.697071361541747869e+00
5.769882392883300959e+00
5.842795515060425160e+00
5.917836523056029918e+00
5.994241046905517400e+00
6.072054290771484730e+00
6.152540540695190074e+00
6.233049678802490057e+00
6.315227317810058416e+00
6.401219081878662287e+00
6.488172864913940074e+00
6.580150318145752131e+00
6.679168224334716797e+00
6.780591869354248402e+00
6.882707118988037109e+00
6.982726573944091797e+00
7.081558656692505060e+00
7.179697084426879705e+00
7.285198354721069691e+00
7.394682168960571289e+00
7.507843828201293590e+00
7.621329069137573242e+00
7.737816381454467596e+00
7.857986831665039418e+00
8.980532884597778320e+00
9.156557226181030629e+00
9.335262250900267844e+00
9.513408708572388406e+00
9.692996978759765625e+00
9.879789257049560902e+00
1.007833585739135707e+01
1.027322206497192347e+01
1.046557474136352539e+01
1.066698217391967773e+01
1.088232965469360281e+01
1.110627737045288121e+01
1.133681173324584890e+01
1.156796236038207937e+01
1.180814628601074290e+01
1.205217285156249929e+01
1.229607801437378001e+01
1.254887924194335902e+01
1.280591239929199254e+01
1.306297636032104492e+01
1.332458391189575231e+01
1.359913702011108327e+01
1.387828750610351491e+01
1.416613578796386719e+01
1.446143627166748047e+01
1.475969200134277415e+01
1.506132564544677699e+01
1.537132015228271520e+01
1.568087720870971680e+01
1.599995040893554688e+01
1.633064680099487376e+01
1.667533655166625906e+01
1.702435512542724538e+01
1.738316783905029439e+01
1.774428491592407298e+01
1.810588788986206055e+01
1.847548522949218608e+01
1.885675430297851562e+01
1.924767684936523438e+01
1.965708560943603445e+01
2.006461181640624858e+01
2.047106342315673899e+01
2.088025569915771484e+01
2.130487041473388743e+01
2.174979839324951314e+01
2.220563030242919922e+01
2.266076526641845845e+01
2.312714366912841868e+01
2.361366672515869070e+01
2.411222782135009624e+01
2.396615200042724680e+01
2.436549835205078196e+01
2.469833469390869141e+01
2.501115131378173828e+01
2.531325626373291016e+01
2.561190605163574219e+01
2.590972175598144389e+01
2.621183910369872905e+01
2.651634006500244212e+01
2.682174358367920064e+01
2.713375282287597656e+01
2.744868144989013814e+01
2.776459903717040945e+01
2.808007526397705078e+01
2.839267711639404368e+01
2.870527648925781250e+01
2.902455825805663991e+01
2.935055027008056783e+01
2.967738399505615376e+01
3.001108512878418111e+01
3.034221057891845774e+01
3.067447528839111470e+01
3.101124439239502095e+01
3.135668220520019389e+01
3.169905223846435405e+01
3.204042911529541016e+01
3.238552608489990092e+01
3.273197746276855469e+01
3.307489624023437358e+01
3.341702156066894247e+01
3.375895977020263672e+01
3.409901142120361328e+01
3.443766803741455362e+01
3.477623367309570312e+01
3.511517219543456747e+01
3.545880832672118999e+01
3.580578002929687642e+01
3.615616874694823935e+01
3.650694961547851847e+01
3.686145782470703125e+01
3.721984710693359233e+01
3.757857780456542685e+01
3.793999290466308594e+01
3.829668998718261719e+01
3.864894104003906250e+01
3.900242424011230469e+01
3.935834541320800639e+01
3.971255493164062500e+01
4.006795463562011861e+01
4.043039779663085653e+01
3.807913951873779013e+01
3.853107910156249716e+01
3.906976280212402486e+01
3.965180397033691406e+01
4.024895820617675923e+01
4.086160964965820597e+01
4.149357795715332031e+01
4.213837661743163920e+01
4.279731178283691406e+01
4.346198730468749716e+01
4.413509292602539347e+01
4.481977119445800639e+01
4.551133613586425497e+01
4.620649719238281250e+01
4.689787673950195312e+01
4.759988632202148295e+01
4.831998901367187216e+01
4.905227584838867472e+01
4.979055900573730753e+01
5.053395729064941122e+01
5.129290542602539205e+01
5.206505012512207031e+01
5.284249839782714986e+01
5.362936515808105753e+01
5.442178153991699219e+01
5.522408294677734375e+01
5.605063285827636577e+01
5.689121780395507955e+01
5.773271102905273722e+01
5.857730522155761577e+01
5.943348541259765483e+01
6.030322952270508097e+01
6.118430900573730469e+01
6.206793022155761719e+01
6.296348648071288778e+01
6.386521224975585653e+01
6.476700668334960653e+01
6.569282150268554688e+01
6.663566932678222088e+01
6.757947692871093182e+01
6.854168777465820028e+01
6.950793991088866619e+01
7.047769470214844034e+01
7.146210136413574787e+01
7.247436904907226562e+01
7.350069808959960938e+01
7.452603416442870810e+01
7.555866584777831463e+01
7.660342254638672443e+01
7.765880661010741903e+01
8.568124542236327557e+01
8.659698181152343466e+01
8.732776031494140057e+01
8.798301925659180256e+01
8.862579269409179972e+01
8.927667617797851562e+01
8.991088790893554972e+01
9.054805908203124432e+01
9.117484893798828693e+01
9.180287704467772869e+01
9.241782684326172159e+01
9.304924163818358807e+01
9.369077606201172159e+01
9.434356155395508381e+01
9.500183715820313068e+01
9.566138839721679688e+01
9.631999435424805256e+01
9.696572875976562500e+01
9.759896697998047443e+01
9.823125228881835369e+01
9.887720870971679688e+01
9.952537536621093750e+01
1.001795059204101506e+02
1.008356262207031193e+02
1.015092147827148494e+02
1.021934753417968693e+02
1.028758758544921932e+02
1.035665840148925838e+02
1.042580436706543026e+02
1.049491081237792969e+02
1.056415840148925724e+02
1.063401733398437443e+02
1.070472206115722713e+02
1.077662002563476591e+02
1.084769241333007841e+02
1.091900161743164119e+02
1.099207298278808622e+02
1.106487960815429688e+02
1.113716186523437557e+02
1.120968994140625057e+02
1.128333503723144560e+02
1.135752548217773494e+02
1.143222290039062443e+02
1.150735397338867188e+02
1.158413940429687443e+02
1.166275909423828097e+02
1.174292068481445312e+02
1.182384254455566435e+02
1.190610450744628963e+02
1.198819633483886662e+02
1.139817207336425753e+02
1.144516426086425724e+02
1.149086311340332003e+02
1.153648971557617244e+02
1.158190689086914062e+02
1.162767517089843778e+02
1.167253524780273466e+02
1.171633407592773466e+02
1.175996879577636776e+02
1.180422874450683537e+02
1.184789154052734403e+02
1.189141189575195341e+02
1.193429672241210966e+02
1.197750740051269531e+02
1.202081245422363338e+02
1.206446197509765597e+02
1.210818969726562528e+02
1.215276466369628849e+02
1.219737480163574190e+02
1.224186347961425838e+02
1.228672355651855526e+02
1.233193321228027344e+02
1.237763710021972656e+02
1.242310859680175810e+02
1.246835395812988310e+02
1.251287437438964787e+02
1.255746292114257869e+02
1.260209297180175838e+02
1.264691757202148494e+02
1.269132118225097656e+02
1.273551216125488281e+02
1.278004074096679688e+02
1.282420898437499943e+02
1.286841644287109432e+02
1.291273216247558651e+02
1.295733070373535156e+02
1.300208045959472543e+02
1.304707389831542912e+02
1.309204124450683651e+02
1.313622879028320369e+02
1.318042495727539176e+02
1.322450004577636662e+02
1.326917671203613338e+02
1.331410888671875057e+02
1.335866500854492074e+02
1.340273704528808594e+02
1.344659996032714844e+02
1.349063186645507812e+02
1.353446014404296989e+02
1.357757041931152457e+02
1.426198928833007926e+02
1.437730018615722543e+02
1.451849006652832088e+02
1.466761100769043082e+02
1.482202888488769474e+02
1.497943252563476619e+02
1.513982490539550838e+02
1.530445823669433594e+02
1.547150222778320199e+02
1.563962081909179744e+02
1.580854171752929744e+02
1.597779388427734375e+02
1.614807373046874943e+02
1.631974685668945426e+02
1.649294692993163949e+02
1.666814758300781136e+02
1.684715347290039062e+02
1.702748504638671818e+02
1.721040100097656307e+02
1.739724029541015682e+02
1.758497100830078068e+02
1.777324829101562500e+02
1.796487548828125114e+02
1.815929306030273551e+02
1.835616119384765739e+02
1.855293548583984489e+02
1.875086410522461051e+02
1.894833038330078239e+02
1.914800079345703239e+02
1.934848205566406136e+02
1.955283050537109375e+02
1.975922378540039119e+02
1.996699005126953068e+02
2.017635848999023551e+02
2.038761505126953182e+02
2.060221572875976506e+02
2.081961196899414119e+02
2.104150558471679631e+02
2.126981887817382812e+02
2.150081359863281136e+02
2.173243545532226619e+02
2.196300979614257756e+02
2.219234069824218807e+02
2.242160354614257756e+02
2.265195999145507812e+02
2.288477157592773494e+02
2.312136352539062614e+02
2.336051315307617244e+02
2.360149002075195312e+02
2.384558395385742244e+02
2.423615905761718636e+02
2.429663558959960881e+02
2.427348892211913949e+02
2.422285324096679631e+02
2.416416046142578011e+02
2.410169708251953011e+02
2.403832687377929744e+02
2.397439239501953239e+02
2.390992340087890682e+02
2.384491241455078239e+02
2.377958358764648494e+02
2.371488815307617131e+02
2.364926895141601619e+02
2.358349884033203239e+02
2.351752349853515511e+02
2.345121536254882812e+02
2.338536819458007869e+02
2.332009674072265568e+02
2.325480819702148381e+02
2.318933029174804688e+02
2.312329025268554688e+02
2.305748443603515625e+02
2.299173263549804744e+02
2.292639450073242244e+02
2.286098953247070256e+02
2.279531951904296818e+02
2.272918319702148438e+02
2.266294281005859261e+02
2.259695861816406364e+02
2.253106628417968693e+02
2.246503387451171818e+02
2.239966400146484489e+02
2.233471664428710994e+02
2.227006332397460824e+02
2.220540390014648438e+02
2.214024948120117244e+02
2.207433380126953182e+02
2.200837371826171989e+02
2.194244949340820199e+02
2.187658706665039006e+02
2.181065734863281307e+02
2.174481216430664006e+02
2.167905532836913949e+02
2.161292724609375000e+02
2.154631912231445199e+02
2.148004531860351562e+02
2.141422607421874886e+02
2.134837722778320312e+02
2.128247879028320426e+02
2.121675735473632756e+02
2.091637847900390739e+02
2.085205032348632699e+02
2.080943145751953125e+02
2.077426544189453068e+02
2.074153701782226449e+02
2.070951538085937500e+02
2.067754730224609432e+02
2.064599456787109375e+02
2.061513595581054688e+02
2.058438217163085824e+02
2.055371078491210994e+02
2.052271957397460938e+02
2.049102600097656364e+02
2.045979675292968807e+02
2.042857650756835994e+02
2.039725814819335881e+02
2.036576095581054631e+02
2.033445419311523494e+02
2.030350585937499943e+02
2.027193161010742131e+02
2.024000411987304631e+02
2.020822631835937386e+02
2.017638183593749943e+02
2.014444854736328239e+02
2.011195266723632926e+02
2.007907440185546761e+02
2.004603530883788949e+02
2.001219436645507699e+02
1.997855407714843636e+02
1.994474639892578125e+02
1.991163238525390682e+02
1.987866180419921989e+02
1.984540298461914176e+02
1.981177749633789062e+02
1.977823822021484261e+02
1.974494186401367131e+02
1.971177947998046989e+02
1.967874603271484375e+02
1.964595581054687443e+02
1.961343734741211051e+02
1.958120834350585824e+02
1.954903671264648324e+02
1.951702194213867188e+02
1.948491790771484489e+02
1.945242462158203125e+02
1.942003829956054801e+02
1.938746841430664176e+02
1.935443099975585994e+02
1.932122100830078182e+02
1.928793945312500000e+02
1.881233200073242244e+02
1.878739761352539119e+02
1.875508056640624943e+02
1.871981536865234261e+02
1.868309722900390568e+02
1.864563003540039006e+02
1.860814102172851676e+02
1.857093353271484375e+02
1.853418273925781250e+02
1.849737045288085824e+02
1.846073425292968864e+02
1.842375457763671989e+02
1.838715286254882812e+02
1.835046493530273324e+02
1.831358459472656364e+02
1.827682952880859375e+02
1.823983596801757869e+02
1.820270629882812443e+02
1.816530258178710824e+02
1.812772491455078239e+02
1.808989440917968636e+02
1.805201309204101676e+02
1.801348678588867074e+02
1.797490036010742074e+02
1.793617095947265625e+02
1.789710067749023494e+02
1.785738265991211051e+02
1.781733123779296761e+02
1.777671798706054744e+02
1.773609069824218807e+02
1.769557952880859375e+02
1.765450195312500057e+02
1.761352920532226562e+02
1.757286651611328239e+02
1.753223739624023381e+02
1.749126205444335938e+02
1.745012817382812500e+02
1.740884857177734375e+02
1.736784393310546761e+02
1.732721160888671932e+02
1.728626037597656193e+02
1.724451065063476562e+02
1.720234344482421989e+02
1.715925979614257812e+02
1.711622619628906250e+02
1.707348114013671818e+02
1.703043930053710824e+02
1.698743133544921875e+02
1.694387359619140625e+02
1.689998321533203125e+02
1.663681610107421989e+02
1.665441101074218864e+02
1.670637390136718636e+02
1.677014022827148381e+02
1.683634902954101449e+02
1.690305480957031250e+02
1.697059646606445256e+02
1.703778335571288949e+02
1.710503082275390625e+02
1.717274642944335881e+02
1.724032592773437500e+02
1.730832138061523438e+02
1.737561599731445199e+02
1.744348800659179801e+02
1.751161636352539119e+02
1.758017990112304574e+02
1.764799743652343693e+02
1.771553604125976449e+02
1.778335052490234318e+02
1.785174407958984375e+02
1.792025772094726506e+02
1.798905334472656250e+02
1.805809646606445256e+02
1.812745681762695256e+02
1.819727233886718807e+02
1.826769943237304688e+02
1.833816772460937443e+02
1.840851654052734432e+02
1.847938217163085994e+02
1.855099487304687500e+02
1.862356369018554574e+02
1.869691101074218693e+02
1.877029129028320256e+02
1.884384063720703182e+02
1.891769104003906250e+02
1.899035385131836051e+02
1.906339675903320199e+02
1.913695587158203182e+02
1.921235092163086051e+02
1.928812591552734261e+02
1.936416702270507812e+02
1.944134445190429688e+02
1.952006866455078011e+02
1.960008956909179574e+02
1.967987854003906136e+02
1.975997055053711051e+02
1.984105743408203182e+02
1.992212844848632756e+02
2.000353591918945426e+02
2.008439361572265511e+02
1.912878936767578182e+02
1.913136932373046761e+02
1.910866256713867131e+02
1.907636901855468636e+02
1.904177963256835824e+02
1.900882598876953011e+02
1.897706146240234375e+02
1.894549728393554631e+02
1.891409896850585994e+02
1.888265457153320312e+02
1.885142257690429801e+02
1.882081314086914006e+02
1.879058532714843750e+02
1.876070083618164119e+02
1.873143890380859489e+02
1.870264892578125000e+02
1.867429016113281364e+02
1.864642196655273381e+02
1.861901123046874886e+02
1.859166259765625000e+02
1.856460296630859261e+02
1.853785598754882926e+02
1.851136627197265625e+02
1.848526641845703011e+02
1.845939987182617301e+02
1.843392715454101562e+02
1.840832946777343864e+02
1.838270645141601562e+02
1.835735122680663949e+02
1.833197555541992188e+02
1.830679977416992301e+02
1.828182037353515739e+02
1.825718826293945369e+02
1.823274246215820256e+02
1.820849151611328125e+02
1.818467361450195199e+02
1.816068206787109318e+02
1.813666854858398381e+02
1.811297180175781136e+02
1.808936737060546989e+02
1.806598724365234432e+02
1.804307815551757699e+02
1.802034408569335824e+02
1.799811645507812443e+02
1.797612258911132699e+02
1.795431121826171932e+02
1.793285934448242074e+02
1.791185913085937500e+02
1.789050354003906307e+02
1.786940612792968750e+02
