8.332922935485840288e-01
8.332633614540100320e-01
8.331293523311614768e-01
8.329902291297912598e-01
8.328259229660034402e-01
8.326443850994109663e-01
8.324055433273315208e-01
8.322627842426300049e-01
8.321425259113311990e-01
8.320846438407898393e-01
8.319918692111969438e-01
8.318637669086456077e-01
8.317662477493286133e-01
8.316485285758972168e-01
8.316021621227264182e-01
8.315451323986053911e-01
8.313980937004089578e-01
8.312654733657837136e-01
8.311249256134033425e-01
8.310422480106354204e-01
8.309302926063537598e-01
8.308409810066222922e-01
8.307493150234221968e-01
8.306451141834259033e-01
8.305610299110413042e-01
8.304691791534424272e-01
8.303647100925445335e-01
8.302744507789612260e-01
8.302099585533142534e-01
8.301541388034821001e-01
8.300987780094146729e-01
8.300561547279358132e-01
8.300382614135741743e-01
8.300280988216399702e-01
8.300153374671935813e-01
8.300303637981414351e-01
8.301279544830322266e-01
8.302263557910919411e-01
8.303038716316223367e-01
8.303500354290008767e-01
8.304704844951629195e-01
8.305971205234528032e-01
8.308016717433929221e-01
8.310241758823394553e-01
8.312488198280334473e-01
8.314852416515350342e-01
8.317496478557586670e-01
8.320247590541839378e-01
8.323420286178588867e-01
8.327969431877135786e-01
8.246771931648254617e-01
8.254118084907531294e-01
8.261330008506775346e-01
8.268085837364196333e-01
8.275819838047027144e-01
8.284814178943633589e-01
8.294039726257323997e-01
8.304703652858733687e-01
8.315720319747924583e-01
8.327500879764556663e-01
8.339806854724883811e-01
8.353372871875762717e-01
8.367146730422974077e-01
8.381246149539947066e-01
8.397635638713836226e-01
8.415537595748900923e-01
8.434675812721252885e-01
8.454902112483978494e-01
8.476381897926330566e-01
8.498388767242431863e-01
8.521667897701263872e-01
8.546365499496459961e-01
8.572246730327606201e-01
8.600507795810699019e-01
8.629828035831451638e-01
8.660664439201355425e-01
8.694582283496856689e-01
8.730213582515716775e-01
8.767503857612609641e-01
8.808094441890716997e-01
8.850217700004577859e-01
8.893689632415771040e-01
8.939066946506499800e-01
8.987122118473053201e-01
9.036661267280579057e-01
9.089881598949431929e-01
9.145875692367553267e-01
9.205081820487975852e-01
9.270865976810455100e-01
9.338216722011566384e-01
9.407341480255126953e-01
9.478045046329498513e-01
9.553448736667633501e-01
9.634250402450561523e-01
9.720269322395325151e-01
9.810360848903656450e-01
9.905712306499481201e-01
1.000544977188110307e+00
1.011069256067276045e+00
1.022040319442748979e+00
1.043852716684341431e+00
1.053650629520416215e+00
1.063612681627273515e+00
1.073936033248901412e+00
1.084817039966583296e+00
1.096102470159530551e+00
1.107799571752548173e+00
1.120136708021163940e+00
1.132893717288971036e+00
1.145849424600601241e+00
1.159253835678100586e+00
1.173446947336196811e+00
1.188499879837036088e+00
1.204195690155029252e+00
1.220265638828277543e+00
1.236589431762695312e+00
1.253563797473907560e+00
1.271095418930053622e+00
1.289086377620697110e+00
1.307857203483581587e+00
1.327583360671997115e+00
1.347660994529724210e+00
1.368568944931030318e+00
1.390085244178771884e+00
1.412453198432922274e+00
1.435518455505371049e+00
1.459127104282379239e+00
1.482906055450439409e+00
1.506897783279419034e+00
1.532155084609985396e+00
1.557988333702087447e+00
1.584334218502044589e+00
1.611382198333740190e+00
1.639673924446106046e+00
1.668886697292327970e+00
1.699333119392395064e+00
1.729839789867401167e+00
1.760941004753112882e+00
1.793162739276886075e+00
1.826293206214904874e+00
1.860096502304077193e+00
1.894279229640960738e+00
1.929298257827758878e+00
1.964774835109710738e+00
2.001282441616058172e+00
2.038270878791808904e+00
2.075828421115875067e+00
2.113992881774902521e+00
2.153300189971923739e+00
2.193159782886505038e+00
2.009372496604919345e+00
2.046875464916229070e+00
2.084347975254059016e+00
2.121471047401428223e+00
2.159039425849914373e+00
2.197309041023254306e+00
2.235815346240997314e+00
2.274282491207122892e+00
2.312768185138702304e+00
2.350850367546081454e+00
2.390114164352417081e+00
2.429369139671325506e+00
2.468419504165649592e+00
2.507920861244201660e+00
2.548114061355590820e+00
2.587867593765258878e+00
2.626715326309204013e+00
2.665373611450195135e+00
2.703568792343139737e+00
2.741632580757141113e+00
2.779985094070434481e+00
2.817909216880798429e+00
2.856159782409668058e+00
2.893911695480346769e+00
2.931948351860046209e+00
2.969180130958557040e+00
3.005440855026245028e+00
3.041336464881896795e+00
3.077112746238708674e+00
3.111690044403076172e+00
3.145157027244567693e+00
3.178063344955444514e+00
3.210660147666930975e+00
3.242173576354980380e+00
3.272438597679138361e+00
3.301928901672363192e+00
3.330001497268676669e+00
3.357125782966613681e+00
3.383235359191894442e+00
3.408285284042358310e+00
3.432557082176208585e+00
3.455776309967041104e+00
3.477291798591613858e+00
3.497871708869934260e+00
3.517527747154235662e+00
3.535866141319274902e+00
3.553491187095642267e+00
3.569983386993408114e+00
3.584852504730224432e+00
3.598494362831115900e+00
3.653075146675109686e+00
3.657799863815307528e+00
3.660668683052063166e+00
3.662235689163208185e+00
3.661339306831359774e+00
3.659621977806091220e+00
3.656797981262207120e+00
3.652803778648376465e+00
3.647440195083618164e+00
3.641295218467712314e+00
3.634313344955444336e+00
3.626502490043640226e+00
3.617397952079772772e+00
3.607618093490600586e+00
3.596449255943298340e+00
3.584397196769714355e+00
3.572191238403320312e+00
3.558298373222350985e+00
3.542912673950195490e+00
3.526240944862365723e+00
3.509013319015502841e+00
3.490736603736877441e+00
3.471885824203491122e+00
3.452521991729736506e+00
3.432519626617431818e+00
3.411517167091369540e+00
3.390226030349731356e+00
3.368432164192199707e+00
3.346117186546325506e+00
3.323000383377075373e+00
3.299106740951537997e+00
3.274393463134765536e+00
3.249593162536621005e+00
3.224149179458618342e+00
3.198597455024719149e+00
3.172336030006408514e+00
3.145991158485412775e+00
3.120023155212402255e+00
3.093832015991210938e+00
3.067934036254882812e+00
3.041647410392761319e+00
3.015102887153625399e+00
2.988038492202758967e+00
2.960663294792175382e+00
2.933422088623046875e+00
2.906253218650817871e+00
2.879170417785644531e+00
2.851830434799194514e+00
2.825093650817871005e+00
2.798359203338622869e+00
2.738264894485473722e+00
2.701328611373901456e+00
2.662083745002746582e+00
2.622041368484496981e+00
2.581974720954895108e+00
2.543215656280517489e+00
2.505332207679748624e+00
2.468259596824645907e+00
2.432621860504150302e+00
2.397170424461364746e+00
2.362401151657104403e+00
2.328529095649719327e+00
2.295703315734863192e+00
2.263841998577118098e+00
2.232559752464294611e+00
2.201985120773315430e+00
2.171850740909576416e+00
2.142642521858215243e+00
2.114042508602142156e+00
2.085804128646850497e+00
2.058083999156951727e+00
2.030635643005370916e+00
2.003435993194579989e+00
1.976876258850097656e+00
1.950629663467407182e+00
1.924337005615234464e+00
1.898540234565734952e+00
1.873177814483642623e+00
1.848303043842315585e+00
1.824266922473907426e+00
1.801209998130798295e+00
1.778252542018890381e+00
1.755660247802734331e+00
1.733533775806427091e+00
1.712045073509216309e+00
1.691333007812499956e+00
1.670950949192047119e+00
1.651151573657989591e+00
1.631753563880920410e+00
1.612639546394348145e+00
1.594119417667388960e+00
1.576002967357635454e+00
1.558237326145172075e+00
1.540618479251861572e+00
1.523760032653808549e+00
1.507450509071350142e+00
1.491943240165710449e+00
1.476736152172088534e+00
1.461643123626708896e+00
1.446717405319213778e+00
1.399946618080139205e+00
1.381425201892852783e+00
1.363056325912475497e+00
1.345259189605712891e+00
1.328119325637817427e+00
1.311400949954986572e+00
1.295084393024444669e+00
1.278953421115875289e+00
1.263462126255035400e+00
1.248447453975677579e+00
1.233720099925994962e+00
1.219086349010467529e+00
1.204647719860076904e+00
1.190099060535430908e+00
1.175812113285064742e+00
1.161948132514953658e+00
1.148361146450042725e+00
1.134975588321685880e+00
1.121903121471405029e+00
1.108865869045257524e+00
1.096558207273483188e+00
1.084826713800430387e+00
1.073623806238174438e+00
1.062904202938079745e+00
1.052473253011703580e+00
1.042173749208450406e+00
1.031956595182418779e+00
1.021839195489883334e+00
1.011795276403427035e+00
1.001698088645935014e+00
9.918679356575011985e-01
9.822920322418212669e-01
9.730428636074066606e-01
9.641309499740600142e-01
9.553296148777008501e-01
9.467262268066406472e-01
9.385326087474823442e-01
9.304830193519592063e-01
9.224717795848846880e-01
9.147477388381958230e-01
9.070800304412841575e-01
8.995760440826415794e-01
8.925627708435058816e-01
8.856061577796936479e-01
8.786162495613097922e-01
8.718404829502105491e-01
8.651859581470489058e-01
8.589121043682098611e-01
8.527072250843048540e-01
8.464099347591400591e-01
9.617430686950683150e-01
9.560988247394561768e-01
9.508857250213622603e-01
9.459729135036468728e-01
9.410571455955505371e-01
9.363040566444397195e-01
9.318474411964416948e-01
9.275757074356079102e-01
9.234362661838531050e-01
9.193257331848144753e-01
9.154230535030365434e-01
9.115913450717926247e-01
9.078768312931060347e-01
9.042297840118408425e-01
9.006693422794341819e-01
8.971739709377288818e-01
8.936733961105346458e-01
8.902037143707275391e-01
8.867959082126617432e-01
8.835511505603790283e-01
8.804416775703429732e-01
8.773140549659729226e-01
8.742563605308533159e-01
8.711967766284942627e-01
8.682111978530884233e-01
8.653909087181090865e-01
8.627089738845825639e-01
8.603646934032440630e-01
8.582343637943268266e-01
8.560454189777374490e-01
8.539393126964569536e-01
8.518701553344726340e-01
8.499811351299285667e-01
8.480810225009918213e-01
8.460790812969207764e-01
8.440249800682068093e-01
8.421371042728423850e-01
8.404469192028045654e-01
8.390012085437774658e-01
8.376007437705993430e-01
8.361934244632720503e-01
8.348886430263519065e-01
8.338821828365325928e-01
8.328162908554077593e-01
8.316854178905487283e-01
8.308048665523528609e-01
8.300068140029907005e-01
8.293117463588715044e-01
8.284948348999023882e-01
8.278441011905670610e-01
7.557344496250152366e-01
7.558325409889221635e-01
7.556545853614806685e-01
7.554108262062072532e-01
7.551963865756988747e-01
7.549787104129791482e-01
7.548190951347351074e-01
7.547925055027008279e-01
7.549197852611542192e-01
7.550759017467498779e-01
7.553501725196838379e-01
7.556320369243622048e-01
7.558017432689666526e-01
7.559771716594696489e-01
7.560638785362243652e-01
7.562481105327606423e-01
7.565729200839996782e-01
7.567547619342803733e-01
7.569988846778870073e-01
7.575574815273284912e-01
7.584002614021301270e-01
7.594461500644683616e-01
7.605416178703308105e-01
7.616410911083221214e-01
7.626362502574920432e-01
7.636050105094909224e-01
7.645787537097931130e-01
7.656787276268005593e-01
7.668968915939331499e-01
7.681471109390258789e-01
7.694000780582428423e-01
7.705702006816863570e-01
7.717284202575683816e-01
7.729616940021515337e-01
7.743167281150817871e-01
7.757380425930022749e-01
7.772321760654449241e-01
7.790204226970672829e-01
7.807567179203033225e-01
7.825593531131744829e-01
7.844391345977783647e-01
7.864094495773314986e-01
7.883256912231445535e-01
7.903655707836151345e-01
7.923028349876404253e-01
7.940556049346924050e-01
7.956804215908050981e-01
7.975471317768096924e-01
7.994231760501862016e-01
8.015273213386535645e-01
7.766576766967773215e-01
7.803023457527160645e-01
7.844117045402526633e-01
7.886840641498565896e-01
7.932041525840759499e-01
7.978035271167754905e-01
8.024856925010681596e-01
8.072447180747985840e-01
8.123196899890899880e-01
8.173840761184691939e-01
8.224125444889068826e-01
8.274614393711090532e-01
8.325393140316009744e-01
8.377579450607299805e-01
8.430294930934906228e-01
8.482972860336304155e-01
8.538274645805359331e-01
8.593472957611083540e-01
8.648227155208587646e-01
8.703702569007873979e-01
8.761390626430511919e-01
8.822004437446594460e-01
8.883481681346893089e-01
8.948008894920349565e-01
9.013856649398803711e-01
9.081255257129668967e-01
9.148559331893920676e-01
9.215937197208404763e-01
9.283843159675597700e-01
9.350744068622589555e-01
9.419570207595825417e-01
9.489385843276977317e-01
9.560402572154999001e-01
9.634718537330627663e-01
9.710071086883544922e-01
9.786411345005034956e-01
9.862412989139557329e-01
9.939480662345886453e-01
1.001863563060760409e+00
1.009705698490142911e+00
1.017416465282440230e+00
1.025236088037490889e+00
1.033245545625686601e+00
1.041486948728561401e+00
1.049819374084472567e+00
1.058231443166732788e+00
1.066611337661743208e+00
1.075148355960845903e+00
1.083883774280548051e+00
1.092526495456695557e+00
1.112628710269927934e+00
1.118041551113128751e+00
1.122364449501037642e+00
1.126846587657928556e+00
1.131016886234283536e+00
1.135118257999420122e+00
1.139546227455139116e+00
1.144377768039703369e+00
1.149158763885498091e+00
1.154033839702606201e+00
1.159174430370330855e+00
1.164364540576934726e+00
1.169481694698333740e+00
1.174787569046020552e+00
1.180056285858154252e+00
1.185419797897338867e+00
1.190683698654174894e+00
1.196149802207946866e+00
1.201758813858032182e+00
1.207380211353302091e+00
1.213084113597869829e+00
1.218787109851837247e+00
1.224644756317138761e+00
1.230429863929748624e+00
1.236378073692321777e+00
1.242600190639495894e+00
1.249065744876861617e+00
1.255720496177673340e+00
1.262751126289367587e+00
1.269757139682769820e+00
1.276760542392730624e+00
1.283892512321472168e+00
1.291166579723358243e+00
1.298473310470581010e+00
1.305872237682342618e+00
1.313392841815948398e+00
1.320967233180999845e+00
1.328648388385772705e+00
1.336286473274231001e+00
1.344277966022491499e+00
1.352435493469238192e+00
1.360877156257629395e+00
1.369732475280761808e+00
1.378906416893005416e+00
1.388240575790405273e+00
1.397490763664245517e+00
1.406394708156585738e+00
1.415019905567169278e+00
1.423740220069885209e+00
1.432453238964080722e+00
1.529715394973754972e+00
1.538507747650146529e+00
1.547272014617919966e+00
1.556088268756866455e+00
1.564632070064544633e+00
1.573756134510040372e+00
1.582571613788604781e+00
1.591532826423645020e+00
1.600390923023223833e+00
1.609479928016662509e+00
1.618633043766021684e+00
1.627379143238067538e+00
1.636095178127288774e+00
1.644667565822601318e+00
1.653725004196167081e+00
1.662868642807006747e+00
1.672191083431243896e+00
1.682017421722412198e+00
1.692267405986785933e+00
1.702501094341278165e+00
1.713201618194580167e+00
1.724301052093505815e+00
1.735310482978820845e+00
1.746379768848419278e+00
1.757688117027282670e+00
1.768845820426940829e+00
1.780613291263580367e+00
1.792065286636352450e+00
1.802782046794891402e+00
1.813119101524353072e+00
1.823844742774963334e+00
1.834649658203125089e+00
1.845710718631744296e+00
1.856907331943511874e+00
1.868758964538574263e+00
1.880833947658538730e+00
1.893153905868530273e+00
1.905926311016082675e+00
1.918900942802429288e+00
1.931775915622711226e+00
1.944112765789032027e+00
1.956098484992981001e+00
1.968306517601013272e+00
1.981354475021362305e+00
1.995136213302612260e+00
2.009520804882049649e+00
2.023696291446685613e+00
2.037461888790130793e+00
2.051586580276489435e+00
2.066230237483978271e+00
1.980767321586608842e+00
1.997552251815795987e+00
2.015288221836089910e+00
2.033791792392730891e+00
2.052282941341400324e+00
2.070763301849365412e+00
2.089937686920166016e+00
2.109015715122223078e+00
2.127856028079986750e+00
2.147221350669860751e+00
2.167221915721893488e+00
2.187494325637817205e+00
2.207596516609191983e+00
2.226922810077667236e+00
2.246093678474426092e+00
2.266273033618927180e+00
2.287538814544677557e+00
2.308470058441161932e+00
2.329359054565429688e+00
2.350334215164184393e+00
2.371443438529968084e+00
2.392609691619873136e+00
2.415816712379455389e+00
2.440391182899475098e+00
2.464231300354003729e+00
2.489826846122741522e+00
2.516232609748840332e+00
2.543329334259033292e+00
2.571004772186279208e+00
2.598541402816772372e+00
2.626119422912597479e+00
2.652681565284729093e+00
2.679808759689330966e+00
2.707635641098022461e+00
2.736543512344360440e+00
2.766519689559936435e+00
2.796583366394043146e+00
2.827214908599853693e+00
2.858030557632446289e+00
2.888123559951782049e+00
2.918928909301757635e+00
2.951400947570800959e+00
2.984855604171753107e+00
3.018355774879455389e+00
3.051524543762206942e+00
3.085498070716857999e+00
3.119505643844604492e+00
3.154855799674987971e+00
3.189812541007995605e+00
3.224933910369872869e+00
3.402813482284545721e+00
3.441701436042785556e+00
3.479850435256957919e+00
3.517227196693420321e+00
3.554822397232055842e+00
3.593961191177368342e+00
3.633906459808349698e+00
3.672917366027832031e+00
3.712937426567077814e+00
3.753220796585083008e+00
3.793228125572204679e+00
3.834476947784423828e+00
3.876768779754638850e+00
3.921099901199340820e+00
3.966181802749633611e+00
4.012253022193908336e+00
4.058292603492736461e+00
4.105522680282592596e+00
4.152871465682983043e+00
4.199454927444458363e+00
4.246081638336181463e+00
4.294522333145141424e+00
4.344244837760925293e+00
4.395573902130126775e+00
4.447410964965820668e+00
4.499264216423034313e+00
4.552709650993347346e+00
4.606942057609558105e+00
4.660938167572021840e+00
4.713085699081420721e+00
4.765368437767028453e+00
4.818345761299132946e+00
4.873226046562194824e+00
4.929171943664551137e+00
4.984982347488402965e+00
5.040724515914916992e+00
5.096652841567992809e+00
5.154950189590453924e+00
5.213620185852050781e+00
5.271631050109863104e+00
5.329645347595215021e+00
5.388783788681029918e+00
5.448796987533569336e+00
5.510170269012450994e+00
5.573444128036499023e+00
5.637632036209106801e+00
5.702329683303832830e+00
5.767700242996215643e+00
5.834158468246459783e+00
5.900155782699584961e+00
6.160077190399169567e+00
6.221386909484863281e+00
6.279079437255859375e+00
6.334418630599975231e+00
6.391161489486694158e+00
6.448747348785400568e+00
6.506165885925293324e+00
6.564695978164673207e+00
6.626410675048828303e+00
6.689530467987060192e+00
6.753298187255859730e+00
6.815920543670654475e+00
6.879657077789306463e+00
6.944054317474365412e+00
7.007504177093506037e+00
7.070633029937743785e+00
7.132221794128417613e+00
7.195384359359740856e+00
7.262316370010376332e+00
7.329294633865356623e+00
7.397671556472777965e+00
7.466899919509887518e+00
7.537512302398681641e+00
7.608204889297485174e+00
7.681488323211669744e+00
7.757497358322143377e+00
7.834896326065063477e+00
7.913498687744140447e+00
7.992279386520385387e+00
8.073654985427856090e+00
8.156503915786743164e+00
8.241107749938965554e+00
8.327309608459472656e+00
8.414870691299437766e+00
8.503218936920166726e+00
8.592941522598266602e+00
8.684046840667724254e+00
8.775934934616088867e+00
8.867107963562011363e+00
8.958691787719725852e+00
9.051676368713378551e+00
9.146037769317626243e+00
9.241111946105956321e+00
9.337744045257569070e+00
9.436445236206054688e+00
9.539022541046142223e+00
9.643680286407469993e+00
9.749130153656006215e+00
9.856070518493652344e+00
9.962987041473388317e+00
9.822325992584229226e+00
9.956145381927489879e+00
1.011081705093383754e+01
1.027453355789184641e+01
1.043936395645141602e+01
1.061452541351318324e+01
1.079505672454834020e+01
1.098016386032104563e+01
1.116364660263061559e+01
1.135194616317749094e+01
1.154534463882446360e+01
1.174415235519409251e+01
1.195156393051147425e+01
1.216391544342041087e+01
1.237935285568237376e+01
1.260118484497070312e+01
1.282696790695190359e+01
1.305727720260620117e+01
1.329457912445068324e+01
1.353800601959228445e+01
1.378194627761840785e+01
1.402798128128051758e+01
1.427881231307983434e+01
1.453052978515625071e+01
1.479356880187988210e+01
1.506063756942748988e+01
1.532902622222900391e+01
1.559917535781860387e+01
1.587760934829711879e+01
1.615858020782470561e+01
1.644153499603271484e+01
1.672686624526977539e+01
1.701579790115356516e+01
1.731075096130371094e+01
1.761106805801391673e+01
1.791712484359741353e+01
1.822616271972656321e+01
1.853988580703735423e+01
1.885854530334472656e+01
1.917961158752441264e+01
1.949844684600829936e+01
1.982125053405761861e+01
2.015200195312500142e+01
2.049024734497070455e+01
2.083084697723388601e+01
2.117119560241699361e+01
2.151531238555908132e+01
2.186471652984619141e+01
2.221438713073730398e+01
2.257238407135009695e+01
2.306753330230712962e+01
2.345051612854003764e+01
2.381872959136962820e+01
2.417945232391357280e+01
2.454336509704589986e+01
2.491042251586913991e+01
2.527801704406738281e+01
2.564834022521972656e+01
2.601264324188232280e+01
2.636981849670410227e+01
2.672688694000244070e+01
2.708358688354492116e+01
2.744074611663818430e+01
2.780007400512695170e+01
2.816449775695800639e+01
2.853365917205810476e+01
2.890384006500244141e+01
2.927198410034179688e+01
2.964010524749755859e+01
3.000918788909912038e+01
3.037921333312988281e+01
3.074668064117431499e+01
3.111351222991943288e+01
3.147885322570800781e+01
3.184303493499755788e+01
3.221357135772704794e+01
3.258413696289062500e+01
3.295286483764648722e+01
3.332307128906249716e+01
3.369535369873047159e+01
3.406615390777587749e+01
3.444260444641113139e+01
3.481726722717284872e+01
3.519048213958740234e+01
3.556569881439209269e+01
3.594917030334472940e+01
3.633846626281738423e+01
3.672927398681640909e+01
3.711865577697754048e+01
3.750751304626464844e+01
3.789815979003905966e+01
3.828835296630859375e+01
3.867893867492675497e+01
3.907368927001952841e+01
3.946989479064941264e+01
3.986647834777831889e+01
4.026803207397460938e+01
4.067177314758301065e+01
4.107745590209960795e+01
4.148124160766601420e+01
4.473116378784179403e+01
4.502733421325683594e+01
4.522213897705078267e+01
4.538011932373046875e+01
4.552427062988281392e+01
4.566759796142578409e+01
4.581096382141113565e+01
4.595512886047363565e+01
4.609675025939941406e+01
4.623668632507324361e+01
4.637485466003418111e+01
4.650909538269043253e+01
4.664271430969237997e+01
4.677706069946289347e+01
4.691269493103027344e+01
4.704697952270507955e+01
4.718120651245116903e+01
4.731512641906738281e+01
4.745086212158203409e+01
4.758720817565917827e+01
4.772444610595702841e+01
4.786506423950195455e+01
4.800645256042480469e+01
4.814775352478027060e+01
4.828680419921875000e+01
4.842383651733398153e+01
4.856322326660156108e+01
4.870509872436523580e+01
4.884748077392578125e+01
4.898798675537109659e+01
4.912683448791504048e+01
4.926574440002441690e+01
4.940665588378906392e+01
4.954808349609375284e+01
4.968993453979491903e+01
4.983170204162597372e+01
4.997688484191894531e+01
5.012352943420410156e+01
5.027021026611328125e+01
5.041980895996093892e+01
5.057117805480957173e+01
5.072285346984862997e+01
5.087104911804199503e+01
5.101809234619140909e+01
5.116569824218750284e+01
5.131418724060058878e+01
5.146357231140136435e+01
5.161287231445312784e+01
5.176183166503906108e+01
5.191182098388672017e+01
5.298711357116699361e+01
5.310301704406738565e+01
5.329906692504882670e+01
5.353320922851562358e+01
5.377965087890625284e+01
5.403156280517578125e+01
5.428930206298828409e+01
5.454184303283691548e+01
5.479262161254882812e+01
5.503669204711913920e+01
5.528074455261230469e+01
5.551950798034668111e+01
5.575650253295898295e+01
5.599207992553711222e+01
5.622272491455078125e+01
5.646365051269530966e+01
5.670734558105468892e+01
5.695026931762695455e+01
5.719374961853027628e+01
5.744103698730468466e+01
5.768746147155761861e+01
5.793504753112792827e+01
5.818147583007812784e+01
5.842580947875976705e+01
5.867011566162109659e+01
5.891796760559081747e+01
5.917120323181152486e+01
5.942299003601074503e+01
5.967870712280273438e+01
5.993555450439453125e+01
6.018966522216796733e+01
6.044541206359863139e+01
6.069689369201660156e+01
6.094195251464843466e+01
6.118124275207519247e+01
6.141972160339355469e+01
6.165865097045898580e+01
6.189834136962890909e+01
6.213622589111328409e+01
6.237348976135253764e+01
6.261201324462890483e+01
6.284907379150390483e+01
6.308667793273925639e+01
6.332444686889648722e+01
6.356584053039550497e+01
6.380941085815429403e+01
6.405389671325683310e+01
6.429830818176269247e+01
6.454454307556152060e+01
6.479014320373535440e+01
6.048358421325683310e+01
6.068057785034179830e+01
6.082732849121093466e+01
6.096917228698730185e+01
6.110130195617675497e+01
6.123759613037109517e+01
6.138438377380371236e+01
6.153897171020507528e+01
6.169930572509765909e+01
6.185706214904784872e+01
6.201511764526367188e+01
6.217417602539062216e+01
6.233753242492675639e+01
6.250231246948241903e+01
6.267430458068847798e+01
6.285056152343749858e+01
6.303148536682128622e+01
6.321908073425292685e+01
6.340945014953613423e+01
6.360137023925781108e+01
6.379138374328613281e+01
6.398013725280761577e+01
6.417109146118164631e+01
6.437067565917968182e+01
6.457872772216796875e+01
6.479470939636230753e+01
6.501217956542969034e+01
6.523594741821288778e+01
6.546579551696777344e+01
6.569856376647949503e+01
6.593518409729003338e+01
6.617469520568847940e+01
6.642068519592285725e+01
6.667112579345703693e+01
6.692134017944336222e+01
6.717313728332518963e+01
6.743396415710449787e+01
6.770295600891112997e+01
6.797883911132812784e+01
6.825522766113280682e+01
6.853475608825684162e+01
6.882218208312988850e+01
6.911139945983886435e+01
6.939990272521973225e+01
6.969300727844237997e+01
6.998963165283203125e+01
7.028741722106933310e+01
7.058717079162597940e+01
7.089678192138671875e+01
7.120838661193847940e+01
6.997849006652832315e+01
7.037109565734863281e+01
7.071015396118164631e+01
7.103564910888671591e+01
7.135587539672852131e+01
7.167722549438477131e+01
7.199842071533203125e+01
7.231779899597168537e+01
7.263379516601563068e+01
7.295847282409667400e+01
7.328575019836425497e+01
7.361476936340332600e+01
7.394925346374512287e+01
7.428041725158691122e+01
7.461433715820312784e+01
7.495304031372070597e+01
7.529633102416991619e+01
7.564140701293945312e+01
7.598945999145507812e+01
7.633889160156249432e+01
7.669179534912109375e+01
7.704698944091796875e+01
7.740502319335936932e+01
7.776234664916992756e+01
7.812012176513671591e+01
7.848336715698242472e+01
7.884852066040039631e+01
7.921484603881836506e+01
7.958215560913086506e+01
7.995350875854492756e+01
8.032665100097656818e+01
8.070101242065429403e+01
8.107796249389647869e+01
8.145502395629883097e+01
8.183729553222656250e+01
8.222005691528320881e+01
8.260386123657227131e+01
8.298867721557617472e+01
8.337801742553710938e+01
8.376925659179687500e+01
8.416101913452148153e+01
8.455647506713867756e+01
8.495371551513672159e+01
8.535457305908202841e+01
8.575651473999023722e+01
8.616174774169921591e+01
8.657210998535155966e+01
8.698812789916992472e+01
8.740876998901367756e+01
8.783483581542968466e+01
9.609860000610350994e+01
9.645943374633789347e+01
9.688239135742188068e+01
9.733319320678711506e+01
9.778942947387695028e+01
9.824756317138671591e+01
9.870272750854492472e+01
9.915619964599609659e+01
9.961367416381835938e+01
1.000740776062011719e+02
1.005317276000976534e+02
1.010026840209960994e+02
1.014802619934082060e+02
1.019565864562988224e+02
1.024305618286132784e+02
1.029110450744628906e+02
1.033929985046386690e+02
1.038744033813476619e+02
1.043592445373535185e+02
1.048442138671875057e+02
1.053289764404296847e+02
1.058103881835937443e+02
1.062862815856933594e+02
1.067584152221679688e+02
1.072315917968749943e+02
1.077110626220703153e+02
1.081940513610839787e+02
1.086709907531738253e+02
1.091441329956054744e+02
1.096221885681152344e+02
1.101016983032226619e+02
1.105777893066406250e+02
1.110539154052734432e+02
1.115285003662109347e+02
1.119995735168457003e+02
1.124703338623046847e+02
1.129363151550292912e+02
1.134047172546386690e+02
1.138782653808593750e+02
1.143495735168457088e+02
1.148223045349121065e+02
1.152988868713378849e+02
1.157705108642578153e+02
1.162392166137695284e+02
1.167084335327148494e+02
1.171816482543945312e+02
1.176584991455078182e+02
1.181348930358886662e+02
1.186147209167480412e+02
1.190932250976562443e+02
1.132896842956542969e+02
1.141287750244140682e+02
1.150744514465332031e+02
1.160899658203125000e+02
1.171346900939941378e+02
1.181864852905273438e+02
1.192292617797851619e+02
1.202709091186523409e+02
1.213291122436523466e+02
1.223963775634765625e+02
1.234451316833496151e+02
1.244954521179199247e+02
1.255633171081542940e+02
1.266466995239257756e+02
1.277339935302734375e+02
1.288366859436035270e+02
1.299431884765625114e+02
1.310462257385253793e+02
1.321445381164550668e+02
1.332505714416503793e+02
1.343583015441894588e+02
1.354710052490234489e+02
1.365841835021972770e+02
1.376874160766601562e+02
1.387980934143066349e+02
1.399016845703125114e+02
1.409965332031250114e+02
1.420993217468261776e+02
1.432130645751953182e+02
1.443301490783691463e+02
1.454392318725585938e+02
1.465551010131835881e+02
1.476619216918945199e+02
1.487801177978515739e+02
1.498975952148437614e+02
1.509983200073242244e+02
1.521038864135742301e+02
1.532173568725585824e+02
1.543373840332031364e+02
1.554348785400390511e+02
1.565325653076171761e+02
1.576383865356445426e+02
1.587356414794921875e+02
1.598330902099609432e+02
1.609242996215820369e+02
1.620162063598632756e+02
1.631083847045898381e+02
1.642260025024414176e+02
1.653344482421875057e+02
1.664401916503906307e+02
1.698026641845703182e+02
1.705114746093750000e+02
1.710921142578125114e+02
1.716050064086913949e+02
1.720839736938476676e+02
1.725395431518554688e+02
1.729891189575195369e+02
1.734278289794921761e+02
1.738608840942382869e+02
1.742872421264648324e+02
1.747165802001953239e+02
1.751516998291015739e+02
1.755865844726562557e+02
1.760251983642578182e+02
1.764655120849609489e+02
1.769037689208984432e+02
1.773439346313476506e+02
1.777814910888671989e+02
1.782161911010742301e+02
1.786470977783203011e+02
1.790791061401367301e+02
1.795107421875000000e+02
1.799388320922851676e+02
1.803662689208984489e+02
1.807926956176757756e+02
1.812154907226562557e+02
1.816382553100585824e+02
1.820631301879882926e+02
1.824892166137695426e+02
1.829163116455078182e+02
1.833416824340820312e+02
1.837672546386718864e+02
1.841925247192382926e+02
1.846186569213867301e+02
1.850466018676757756e+02
1.854765808105468636e+02
1.859072143554687386e+02
1.863379287719726562e+02
1.867676483154296818e+02
1.872006652832031364e+02
1.876350372314453239e+02
1.880699111938476449e+02
1.885043533325195426e+02
1.889394760131835938e+02
1.893754821777343693e+02
1.898084045410156193e+02
1.902419143676757756e+02
1.906723342895507756e+02
1.911031951904296875e+02
1.915319412231445426e+02
2.023857421875000000e+02
2.022818435668945369e+02
2.019868469238281250e+02
2.016564163208007869e+02
2.013227600097656307e+02
2.009886810302734261e+02
2.006756439208984375e+02
2.003591293334960994e+02
2.000303466796875114e+02
1.997027008056640511e+02
1.993840240478515682e+02
1.990802429199218864e+02
1.987822616577148551e+02
1.984786163330078068e+02
1.981834915161132926e+02
1.978913269042968750e+02
1.975925369262695312e+02
1.972846939086913949e+02
1.969901458740234261e+02
1.967028427124023438e+02
1.964326156616210994e+02
1.961524978637695256e+02
1.958700286865234261e+02
1.955971908569335938e+02
1.953356185913085881e+02
1.950770431518554631e+02
1.948088088989257756e+02
1.945357864379882926e+02
1.942545242309570312e+02
1.939771575927734375e+02
1.936983200073242131e+02
1.934264358520507869e+02
1.931479721069335938e+02
1.928763916015624886e+02
1.926043975830078239e+02
1.923382598876953011e+02
1.920784393310546818e+02
1.918205001831054801e+02
1.915571334838867301e+02
1.913064117431640625e+02
1.910628234863281136e+02
1.908042694091796818e+02
1.905482208251953011e+02
1.902936660766601449e+02
1.900468704223632699e+02
1.897961181640625057e+02
1.895436767578125057e+02
1.893016281127929688e+02
1.890475708007812443e+02
1.887941390991210824e+02
1.733681610107421989e+02
1.742041336059570256e+02
1.753950714111328182e+02
1.767062133789062557e+02
1.780301437377929688e+02
1.793746322631835994e+02
1.807309219360351449e+02
1.820995971679687386e+02
1.834710815429687614e+02
1.848559249877929744e+02
1.862288299560546818e+02
1.875739181518554801e+02
1.889389419555664062e+02
1.903041763305664062e+02
1.916667327880859375e+02
1.930572265625000057e+02
1.944653259277343693e+02
1.958765747070312386e+02
1.972918258666992131e+02
1.987115966796874886e+02
2.001278427124023551e+02
2.015465805053710824e+02
2.029552062988281307e+02
2.043762222290039006e+02
2.057846115112304801e+02
2.072192581176757926e+02
2.086644424438476619e+02
2.101065307617187443e+02
2.115601806640625000e+02
2.130186645507812386e+02
2.144632308959961051e+02
2.159287292480468636e+02
2.174107879638671932e+02
2.188960693359375114e+02
2.203668045043945369e+02
2.218307250976562557e+02
2.233017807006835938e+02
2.247941528320312443e+02
2.262704742431640739e+02
2.277606719970703182e+02
2.292447769165038949e+02
2.307244354248046818e+02
2.321812820434570312e+02
2.336333358764648551e+02
2.350869598388671875e+02
2.365527832031249886e+02
2.380080337524414062e+02
2.394632217407226449e+02
2.409357788085937386e+02
2.424337829589843807e+02
2.497078140258789176e+02
2.499092803955078068e+02
2.493627319335937500e+02
2.486073760986328125e+02
2.477160736083984318e+02
2.468545547485351506e+02
2.459745941162109375e+02
2.450937500000000000e+02
2.442306732177734432e+02
2.433822174072265625e+02
2.425250961303710824e+02
2.416932037353515739e+02
2.408497665405273551e+02
2.399968643188476562e+02
2.391505081176757699e+02
2.383086486816406193e+02
2.374662216186523551e+02
2.366276229858398494e+02
2.357774795532226619e+02
2.349410522460937614e+02
2.341195663452148494e+02
2.333068939208984318e+02
2.324778915405273381e+02
2.316468643188476619e+02
2.308416366577148438e+02
2.300352935791015625e+02
2.292129089355468636e+02
2.283993667602539119e+02
2.275851791381836051e+02
2.267652297973632756e+02
2.259417587280273381e+02
2.251325180053710824e+02
2.243246704101562443e+02
2.235123794555664176e+02
2.226936981201171761e+02
2.218840148925781364e+02
2.210807022094726619e+02
2.202839523315429631e+02
2.194741668701171875e+02
2.186611236572265682e+02
2.178623550415039176e+02
2.170611587524414006e+02
2.162677597045898494e+02
2.154640014648437614e+02
2.146756423950195369e+02
2.138956726074218864e+02
2.131093002319335881e+02
2.123433349609375114e+02
2.115759918212890511e+02
2.108064407348632869e+02
2.217100891113281307e+02
2.210398681640625114e+02
2.205482040405273381e+02
2.201143768310546989e+02
2.197151641845703125e+02
2.193256591796875057e+02
2.189354583740234261e+02
2.185051971435546818e+02
2.180892654418945256e+02
2.176601272583007756e+02
2.172152267456054631e+02
2.167781936645507699e+02
2.163390319824218864e+02
2.158908096313476506e+02
2.154458541870117188e+02
2.149873931884765739e+02
2.145049652099609432e+02
2.140153533935546761e+02
2.135122909545898438e+02
2.130103012084960881e+02
2.125207412719726676e+02
2.120155426025390568e+02
2.115063674926757926e+02
2.109991455078125000e+02
2.105052291870117074e+02
2.100074325561523381e+02
2.095048004150390568e+02
2.089940322875976619e+02
2.084686492919921932e+02
2.079437805175781193e+02
2.074048904418945369e+02
2.068701934814453125e+02
2.063336013793945369e+02
2.057979110717773494e+02
2.052633895874023438e+02
2.047362869262695426e+02
2.041982101440429744e+02
2.036529754638671932e+02
2.030954437255859375e+02
2.025366485595703239e+02
2.019808349609375000e+02
2.014258956909179688e+02
2.008762741088867188e+02
2.003038085937500057e+02
1.997428695678710824e+02
1.991796020507812557e+02
1.986069686889648551e+02
1.980370925903320369e+02
1.974713302612304631e+02
1.969103546142578125e+02
1.967797286987304801e+02
1.965615356445312614e+02
1.964978881835937443e+02
1.964953567504882699e+02
1.965018173217773381e+02
1.964959259033203125e+02
1.964942977905273551e+02
1.964843368530273438e+02
1.964772125244140568e+02
1.964692749023437557e+02
1.964590744018554744e+02
1.964451339721679801e+02
1.964317214965820426e+02
1.964122650146484261e+02
1.963899017333984318e+02
1.963616561889648438e+02
1.963291503906249886e+02
1.963012084960937500e+02
1.962804595947265511e+02
1.962587310791015511e+02
1.962313980102539119e+02
1.961989028930664176e+02
1.961612915039062557e+02
1.961173660278320199e+02
1.960736572265624886e+02
1.960326019287109318e+02
1.959932083129882869e+02
1.959665695190429631e+02
1.959366714477538949e+02
1.959022659301757869e+02
1.958622085571288949e+02
1.958204360961914006e+02
1.957869247436523494e+02
1.957597946166992244e+02
1.957208892822265511e+02
1.956763870239257699e+02
1.956350997924804744e+02
1.956011550903320426e+02
1.955742141723632699e+02
1.955571655273437557e+02
1.955277877807617131e+02
1.955024139404296761e+02
1.954722335815429801e+02
1.954311950683593864e+02
1.953802429199218693e+02
1.953273727416992074e+02
1.952780136108398494e+02
1.952240325927734261e+02
1.951692764282226449e+02
1.951126602172851676e+02
1.889759582519531307e+02
1.880203079223632869e+02
1.867723068237304744e+02
1.854554809570312557e+02
1.841327789306640739e+02
1.828490600585937500e+02
1.816077453613281136e+02
1.804257812500000000e+02
1.792471191406249886e+02
1.780688018798828125e+02
1.769002914428710938e+02
1.757573928833007812e+02
1.746428039550781364e+02
1.735504699707031193e+02
1.724725189208984375e+02
1.714413818359375057e+02
1.704198776245117131e+02
1.694216705322265568e+02
1.684276397705078239e+02
1.674566848754882926e+02
1.664870956420898551e+02
1.655114746093750000e+02
1.645648147583007699e+02
1.636326049804687557e+02
1.626955703735351619e+02
1.617595489501953239e+02
1.608480636596679574e+02
1.599552581787109489e+02
1.590698226928710994e+02
1.581966751098632926e+02
1.573454895019531250e+02
1.565061721801757812e+02
1.556820747375488168e+02
1.548823028564453068e+02
1.541024490356445256e+02
1.533350051879882869e+02
1.525757156372070256e+02
1.518195419311523438e+02
1.510487312316894588e+02
1.502808799743652344e+02
1.495194244384765625e+02
1.487689483642578239e+02
1.480329696655273324e+02
1.473045112609863168e+02
1.465898872375488224e+02
1.458862838745117188e+02
1.451916404724121037e+02
1.445019699096679631e+02
1.438116302490234375e+02
1.431230461120605355e+02
1.407697456359863395e+02
1.407977043151855412e+02
1.410688140869140739e+02
1.413944038391113338e+02
1.417332412719726449e+02
1.420596549987793082e+02
1.423840576171874943e+02
1.426797729492187443e+02
1.429709632873535270e+02
1.432567428588867244e+02
1.435449752807617188e+02
1.438538635253906364e+02
1.441723052978515511e+02
1.444773178100585938e+02
1.447874877929687614e+02
1.451086791992187557e+02
1.454317276000976449e+02
1.457490997314453125e+02
1.460692611694335881e+02
1.463790283203125000e+02
1.466873016357421875e+02
1.469945678710937500e+02
1.473045745849609318e+02
1.476194244384765568e+02
1.479384323120117131e+02
1.482671127319335938e+02
1.485972564697265739e+02
1.489289627075195312e+02
1.492675476074218750e+02
1.496103195190429744e+02
1.499512695312500057e+02
1.502859680175781136e+02
1.506172653198242131e+02
1.509461212158203125e+02
1.512701324462890682e+02
1.515959655761718636e+02
1.519298568725585881e+02
1.522672378540038949e+02
1.526068725585937500e+02
1.529501296997070199e+02
1.532945632934570312e+02
1.536418487548828011e+02
1.539928543090820199e+02
1.543456710815429744e+02
1.547034835815429688e+02
1.550632598876953239e+02
1.554237518310546875e+02
1.557794815063476506e+02
1.561342285156250114e+02
1.564912933349609432e+02
1.656177658081054744e+02
1.656025451660156307e+02
1.653808334350586051e+02
1.651057739257812500e+02
1.648011886596679574e+02
1.644964645385742301e+02
1.642031250000000000e+02
1.639052780151367301e+02
1.636094512939453125e+02
1.633142822265625114e+02
1.630178390502929631e+02
1.627242202758789062e+02
1.624371276855468693e+02
1.621555145263671989e+02
1.618752960205078182e+02
1.615962356567382869e+02
1.613230422973632869e+02
1.610540435791015739e+02
1.607865142822265625e+02
1.605143920898437386e+02
1.602455566406250114e+02
1.599826736450195312e+02
1.597305389404296818e+02
1.594816696166992074e+02
1.592328704833984432e+02
1.589881576538085994e+02
1.587502273559570369e+02
1.585130676269531307e+02
1.582843765258789119e+02
1.580677459716796989e+02
1.578539154052734261e+02
1.576452423095703068e+02
1.574459518432617244e+02
1.572555374145507869e+02
1.570713241577148551e+02
1.568869735717773324e+02
1.567061325073242131e+02
1.565254287719726562e+02
1.563495025634765625e+02
1.561883392333984375e+02
1.560320236206054574e+02
1.558738433837890511e+02
1.557144897460937614e+02
1.555535659790039062e+02
1.553932373046874886e+02
1.552330596923828239e+02
1.550755966186523551e+02
1.549208068847656250e+02
1.547679428100585994e+02
1.546124588012695256e+02
1.503274978637695369e+02
1.503570144653320426e+02
1.505670089721679688e+02
1.507860733032226506e+02
1.510025009155273494e+02
1.512262847900390739e+02
1.514508346557617244e+02
1.516679702758789006e+02
1.519134796142578239e+02
1.521496948242187557e+02
1.523792541503906364e+02
1.526237380981445426e+02
1.528834503173828239e+02
1.531232254028320199e+02
1.533420745849609261e+02
1.535504882812500114e+02
1.537722656249999886e+02
1.539931076049804801e+02
1.542220260620117074e+02
1.544519943237304744e+02
1.546869003295898324e+02
1.549245590209960994e+02
1.551647628784179744e+02
1.554064224243164176e+02
1.556580108642578182e+02
1.559226608276367188e+02
1.561969238281249943e+02
1.564719375610351619e+02
1.567504913330078011e+02
1.570328079223632756e+02
1.573189132690429801e+02
1.576092391967773381e+02
1.579012893676757869e+02
1.581960281372070369e+02
1.584957229614257699e+02
1.587969558715820426e+02
1.591018096923828011e+02
1.594145935058593864e+02
1.597373107910156307e+02
1.600621185302734375e+02
1.603911163330078011e+02
1.607190139770507926e+02
1.610420837402343750e+02
1.613654815673828011e+02
1.616924316406249886e+02
1.620221481323242188e+02
1.623500991821289006e+02
1.626794967651367188e+02
1.630099456787109489e+02
1.633442703247070256e+02
1.680194824218750114e+02
1.676556396484375000e+02
1.670720932006835824e+02
1.664371841430664176e+02
1.657810714721679801e+02
1.650999420166015739e+02
1.643871994018554688e+02
1.637172393798828125e+02
1.630595046997070199e+02
1.624344650268554631e+02
1.618088592529296932e+02
1.611323760986328182e+02
1.604469161987304631e+02
1.597583587646484489e+02
1.590830245971679631e+02
1.583894882202148438e+02
1.577272232055664176e+02
1.570770217895507699e+02
1.564372100830078125e+02
1.558236297607421932e+02
1.552221008300781193e+02
1.546388107299804631e+02
1.540333786010742188e+02
1.534332611083984261e+02
1.528388656616210994e+02
1.522535415649414006e+02
1.516637985229492074e+02
1.510900756835937386e+02
1.505321487426757869e+02
1.499747436523437614e+02
1.494086105346679574e+02
1.488357086181640625e+02
1.482586380004882756e+02
1.476952362060546875e+02
1.471488861083984432e+02
1.466011459350585824e+02
1.460560577392578239e+02
1.454980636596679631e+02
1.449510513305664006e+02
1.444159172058105582e+02
1.438900978088378793e+02
1.433679908752441463e+02
1.428522987365722656e+02
1.423451721191406136e+02
1.418476989746093864e+02
1.413564834594726562e+02
1.408613586425781250e+02
1.403621772766113338e+02
1.398609634399414006e+02
1.393573654174804801e+02
1.361044166564941520e+02
1.358277763366699276e+02
1.355380905151367301e+02
1.352445686340332145e+02
1.349548706054687557e+02
1.346730369567871151e+02
1.344013191223144474e+02
1.341294471740722543e+02
1.338622070312499943e+02
1.336001739501953125e+02
1.333410430908203068e+02
1.330802185058593636e+02
1.328176124572754020e+02
1.325589294433593750e+02
1.323121444702148324e+02
1.320787948608398494e+02
1.318477737426757699e+02
1.316209747314453011e+02
1.313982780456543082e+02
1.311823898315429631e+02
1.309716194152832145e+02
1.307634628295898551e+02
1.305555358886718693e+02
1.303435699462890511e+02
1.301373222351074332e+02
1.299361396789550724e+02
1.297308341979980355e+02
1.295260368347167912e+02
1.293263587951660156e+02
1.291310943603515682e+02
1.289410789489746207e+02
1.287584129333496037e+02
1.285820343017578011e+02
1.284130439758300781e+02
1.282464019775390511e+02
1.280813972473144418e+02
1.279124320983886776e+02
1.277509025573730526e+02
1.275920570373535128e+02
1.274333740234374943e+02
1.272749298095703097e+02
1.271246566772460938e+02
1.269782424926757756e+02
1.268353591918945256e+02
1.266922126770019474e+02
1.265530189514160213e+02
1.264089973449707003e+02
1.262694007873535185e+02
1.261365272521972685e+02
1.259966049194335938e+02
1.275647964477539062e+02
1.275695373535156278e+02
1.278507461547851562e+02
1.282415313720703125e+02
1.286292617797851676e+02
1.289903861999511605e+02
1.293713928222656193e+02
1.297254341125488395e+02
1.301115264892578125e+02
1.305051239013671989e+02
1.308575569152831974e+02
1.312507225036621037e+02
1.316529716491699276e+02
1.320128547668456918e+02
1.323669013977050781e+02
1.327148963928222543e+02
1.330396781921386662e+02
1.333639846801757756e+02
1.336853996276855412e+02
1.340096603393554631e+02
1.343197921752929744e+02
1.346263648986816293e+02
1.349424751281738395e+02
1.352637702941894418e+02
1.355864448547363281e+02
1.359043479919433537e+02
1.362189849853515682e+02
1.365315483093261832e+02
1.368501480102539176e+02
1.371632621765136832e+02
1.374713508605956918e+02
1.377713279724121094e+02
1.380654289245605355e+02
1.383487884521484261e+02
1.386265441894531136e+02
1.389035575866699332e+02
1.391728309631347713e+02
1.394348663330078182e+02
1.396946632385253793e+02
1.399544822692870980e+02
1.402153968811035156e+02
1.404742156982421761e+02
1.407359161376953125e+02
1.410050788879394474e+02
1.412661239624023324e+02
1.415264968872070312e+02
1.417791137695312500e+02
1.420298500061035156e+02
1.422886520385742131e+02
1.425455490112304631e+02
1.421105758666992074e+02
1.429213500976562443e+02
1.437176887512206918e+02
1.444974746704101562e+02
1.452848548889160156e+02
1.460216522216796875e+02
1.467069999694824105e+02
1.474089302062988338e+02
1.481500213623046989e+02
1.489462936401367301e+02
1.497514595031738338e+02
1.505629539489746094e+02
1.513915893554687386e+02
1.522300155639648551e+02
1.530964057922363395e+02
1.539768798828125114e+02
1.548625526428222656e+02
1.557507881164550838e+02
1.566411819458007812e+02
1.575266151428222656e+02
1.584139434814453011e+02
1.592928039550781136e+02
1.601853050231933651e+02
1.610718955993652344e+02
1.619659477233886662e+02
1.628642768859863281e+02
1.637577888488769418e+02
1.646601150512695426e+02
1.655690078735351562e+02
1.664743576049804688e+02
1.673872207641601619e+02
1.683045669555664006e+02
1.692226211547851449e+02
1.701487579345703125e+02
1.710725753784179801e+02
1.719897338867187386e+02
1.729022796630859489e+02
1.738271255493164062e+02
1.747555130004882926e+02
1.756852157592773551e+02
1.766205093383788949e+02
1.775572906494140568e+02
1.784950332641601562e+02
1.794124206542968807e+02
1.803315093994140739e+02
1.812744750976562500e+02
1.822347183227539062e+02
1.831986267089843636e+02
1.841639450073242301e+02
1.851332382202148494e+02
1.825702896118164062e+02
1.828804473876953125e+02
1.830299072265625000e+02
1.831413360595703068e+02
1.832483932495117074e+02
1.833596679687499886e+02
1.835012817382812500e+02
1.836876129150390682e+02
1.838791702270507926e+02
1.840754455566406307e+02
1.842422409057617188e+02
1.844151260375976449e+02
1.845855117797851506e+02
1.847585189819336051e+02
1.849196960449218636e+02
1.850822341918945426e+02
1.852547439575195369e+02
1.854318618774414062e+02
1.856183685302734432e+02
1.858161132812500114e+02
1.860167068481445369e+02
1.862082946777343864e+02
1.864022811889648494e+02
1.866102661132812557e+02
1.868374679565429801e+02
1.870806457519531136e+02
1.873289779663085994e+02
1.875829925537109375e+02
1.878349212646484432e+02
1.880855468750000057e+02
1.883471115112304801e+02
1.886190017700195369e+02
1.888916275024413949e+02
1.891658203124999886e+02
1.894420578002929574e+02
1.897216934204101619e+02
1.900120407104492131e+02
1.903098892211914119e+02
1.906051330566406250e+02
1.909111724853515568e+02
1.912250473022460824e+02
1.915465011596679688e+02
1.918795516967773551e+02
1.922092208862304688e+02
1.925362152099609432e+02
1.928703659057617301e+02
1.932093948364257869e+02
1.935579040527343864e+02
1.939093078613281307e+02
1.942629470825195312e+02
2.266585128784179801e+02
2.269634368896484489e+02
2.272816268920898324e+02
2.276708251953124886e+02
2.280216918945312443e+02
2.284396697998046761e+02
2.287601715087890568e+02
2.291609130859374943e+02
2.295710800170898551e+02
2.299368774414062386e+02
2.302843032836914006e+02
2.305707321166992188e+02
2.309215209960937614e+02
2.313003738403320426e+02
2.316699798583984489e+02
2.320090560913085938e+02
2.323706695556640511e+02
2.327312622070312500e+02
2.331260498046875114e+02
2.335467651367187614e+02
2.340191040039062500e+02
2.344281921386718750e+02
2.348098495483398551e+02
2.352135665893554801e+02
2.355771026611328125e+02
2.359141204833984489e+02
2.363068283081054801e+02
2.367008789062500114e+02
2.371255981445312386e+02
2.376047393798828011e+02
2.380662277221679801e+02
2.385178024291992074e+02
2.389619338989257926e+02
2.393780029296875114e+02
2.397965377807617244e+02
2.402262161254882926e+02
2.406427291870117244e+02
2.410672958374023551e+02
2.415155364990234261e+02
2.419650711059570369e+02
2.424391006469726619e+02
2.429220642089843807e+02
2.434036239624023494e+02
2.438924423217773381e+02
2.443854934692382699e+02
2.448597061157226449e+02
2.453653518676757699e+02
2.458886032104492188e+02
2.464045593261718636e+02
2.469259521484374886e+02
2.511758010864257926e+02
2.516260421752929801e+02
2.517759490966796818e+02
2.518247024536132699e+02
2.518731445312500057e+02
2.519257049560546875e+02
2.518964981079101619e+02
2.519018295288086051e+02
2.519617782592773381e+02
2.520487243652343636e+02
2.521388061523437614e+02
2.522612243652343693e+02
2.523820785522460994e+02
2.524820114135742131e+02
2.525782394409179688e+02
2.526688034057617074e+02
2.527451538085937557e+02
2.528277389526367074e+02
2.529516693115234318e+02
2.531055953979492301e+02
2.532592559814453068e+02
2.534037704467773438e+02
2.535808059692382699e+02
2.537500045776367301e+02
2.539750640869140739e+02
2.542061950683593636e+02
2.544020675659179744e+02
2.546351608276367244e+02
2.548858505249023381e+02
2.551154815673828011e+02
2.553478378295898494e+02
2.556112503051757869e+02
2.558619689941406250e+02
2.561878494262695085e+02
2.565197723388671989e+02
2.568791183471679460e+02
2.572732543945312500e+02
2.576941864013671761e+02
2.581466430664062273e+02
2.586165084838867188e+02
2.590468734741210710e+02
2.594487609863281250e+02
2.598623870849609148e+02
2.602801406860351676e+02
2.607271713256835710e+02
2.611583770751952898e+02
2.616379882812499886e+02
2.621480010986327898e+02
2.626859634399414176e+02
2.631746658325195085e+02
2.826253723144531023e+02
2.818724075317383040e+02
2.809121963500976449e+02
2.799169830322265398e+02
2.789867935180664062e+02
2.780417236328124773e+02
2.771797622680663835e+02
2.762912963867187273e+02
2.753760162353515852e+02
2.745520904541015739e+02
2.736847366333007585e+02
2.728253906250000114e+02
2.720181213378906477e+02
2.712556182861328011e+02
2.704774200439453011e+02
2.697312210083007926e+02
2.689421798706054574e+02
2.681465225219726562e+02
2.674385665893554460e+02
2.667408599853515625e+02
2.660574645996093750e+02
2.654557968139648665e+02
2.649187789916992415e+02
2.643940078735351449e+02
2.638828979492187727e+02
2.633021545410156250e+02
2.626338272094726562e+02
2.619139755249023551e+02
2.611944442749023665e+02
2.604266967773437500e+02
2.596903518676757585e+02
2.590244873046875114e+02
2.583510116577148210e+02
2.576588088989257699e+02
2.569856491088867188e+02
2.564015670776367415e+02
2.558539123535156250e+02
2.553844207763671932e+02
2.549558090209960994e+02
2.545966415405273438e+02
2.542194473266601449e+02
2.538624099731445369e+02
2.535436096191406250e+02
2.531739318847656364e+02
2.527574295043945369e+02
2.524024002075195199e+02
2.521308120727539119e+02
2.518645599365234489e+02
2.516146972656250114e+02
2.513199707031249943e+02
2.244696701049804801e+02
2.245751296997070199e+02
2.247976455688476562e+02
2.250526596069335881e+02
2.253031555175781193e+02
2.255781478881835938e+02
2.258652618408203239e+02
2.261065277099609432e+02
2.263487075805664119e+02
2.266210876464843693e+02
2.269159545898437500e+02
2.272108612060546875e+02
2.275231094360351562e+02
2.278464965820312500e+02
2.281884124755859489e+02
2.285546966552734318e+02
2.289616134643554801e+02
2.294041946411132926e+02
2.298612686157226506e+02
2.302726806640625057e+02
2.306577072143554688e+02
2.310503631591796818e+02
2.314697540283203239e+02
2.319463348388671875e+02
2.324199600219726562e+02
2.328727279663085881e+02
2.332947891235351676e+02
2.337314666748046932e+02
2.342126159667968750e+02
2.347086532592773551e+02
2.352413970947265511e+02
2.357683914184570426e+02
2.362830886840820312e+02
2.368166824340820256e+02
2.373776092529296875e+02
2.379831726074218636e+02
2.386116928100585994e+02
2.392243972778320256e+02
2.398034866333007926e+02
2.403463653564453182e+02
2.408682373046875114e+02
2.414087188720703239e+02
2.419873184204101619e+02
2.425984008789062614e+02
2.431910140991211051e+02
2.437545166015625000e+02
2.443133560180664006e+02
2.449148696899414119e+02
2.455381835937500057e+02
2.461655456542968636e+02
2.561771087646484375e+02
2.553667053222656307e+02
2.538409118652343750e+02
2.521454437255859489e+02
2.503631744384765625e+02
2.485205627441406193e+02
2.467339614868164119e+02
2.450896743774414119e+02
2.436318389892578011e+02
2.422551513671874943e+02
2.408916213989257926e+02
2.394481155395507699e+02
2.379768432617187557e+02
2.365216873168945426e+02
2.350801605224609432e+02
2.336222488403320199e+02
2.321790542602539062e+02
2.307609054565429574e+02
2.293467483520507812e+02
2.279727462768554744e+02
2.266355926513671761e+02
2.252920257568359261e+02
2.239504913330078182e+02
2.226463638305664006e+02
2.214089935302734489e+02
2.202454116821289176e+02
2.190722534179687386e+02
2.178796005249023438e+02
2.167313262939453011e+02
2.156061340332031193e+02
2.144663955688476449e+02
2.133635284423828011e+02
2.123663772583007869e+02
2.113792221069335824e+02
2.103796356201171989e+02
2.094189788818359261e+02
2.084154495239257869e+02
2.074104980468750057e+02
2.064184890747070256e+02
2.054759918212890568e+02
2.045399826049804801e+02
2.036161270141601562e+02
2.026892547607421875e+02
2.017868148803710824e+02
2.009128341674804688e+02
2.000953903198242188e+02
1.993266433715820369e+02
1.985453155517578239e+02
1.977552490234375000e+02
1.969263870239257699e+02
1.986826950073242131e+02
1.982389389038085881e+02
1.979517242431640511e+02
1.977118469238281193e+02
1.975005233764648551e+02
1.972948028564453011e+02
1.970682464599609318e+02
1.968237350463867301e+02
1.965776702880859261e+02
1.962989547729492301e+02
1.960030212402343750e+02
1.957014312744140625e+02
1.953998107910156250e+02
1.950716735839843636e+02
1.947411056518554631e+02
1.944254882812500114e+02
1.941164321899414062e+02
1.938012023925781193e+02
1.934967132568359318e+02
1.932067031860351562e+02
1.929257293701171818e+02
1.926517883300781193e+02
1.923782485961914119e+02
1.921156539916992188e+02
1.918260833740234261e+02
1.915646408081054801e+02
1.913027343750000000e+02
1.910617523193359375e+02
1.908265655517578239e+02
1.905913299560546932e+02
1.903529266357421932e+02
1.901084716796875114e+02
1.898737655639648381e+02
1.896340698242187557e+02
1.894034439086914006e+02
1.891707214355468807e+02
1.889580291748046932e+02
1.887625213623046818e+02
1.885532638549804574e+02
1.883300521850586051e+02
1.880969894409179801e+02
1.878951202392578068e+02
1.876859069824218693e+02
1.874693649291992301e+02
1.872533233642578239e+02
1.870439559936523324e+02
1.868224807739257756e+02
1.866020004272460824e+02
1.863624755859374886e+02
1.861361892700195426e+02
1.633603591918945312e+02
1.624925651550292969e+02
1.614341308593749886e+02
1.602854751586914119e+02
1.591282722473144418e+02
1.579895927429199105e+02
1.568789421081542912e+02
1.558112297058105469e+02
1.547954627990722543e+02
1.538115570068359261e+02
1.527958198547363224e+02
1.517317100524902287e+02
1.506632598876953182e+02
1.496395935058593807e+02
1.486733039855957088e+02
1.477017463684082088e+02
1.467738716125488168e+02
1.459044075012207031e+02
1.450643569946288949e+02
1.442204803466796932e+02
1.433507301330566293e+02
1.424652397155761605e+02
1.416042709350585938e+02
1.407576904296875000e+02
1.399567413330078125e+02
1.391299415588378849e+02
1.383613349914550668e+02
1.375808647155761832e+02
1.367881637573242131e+02
1.359473800659179688e+02
1.351073181152343636e+02
1.342498275756835824e+02
1.334185470581054744e+02
1.325962081909179631e+02
1.317929893493652287e+02
1.310418098449707145e+02
1.303265213012695369e+02
1.296371887207031364e+02
1.289501152038574219e+02
1.282597930908203239e+02
1.276029624938964844e+02
1.269649246215820284e+02
1.262903724670410099e+02
1.256156486511230526e+02
1.249741462707519588e+02
1.243170906066894474e+02
1.236514419555664119e+02
1.229968917846679659e+02
1.224015922546386719e+02
1.218428932189941349e+02
1.214791343688964815e+02
1.211672882080078182e+02
1.208586158752441406e+02
1.205360763549804659e+02
1.202620948791503963e+02
1.199825607299804631e+02
1.197200546264648438e+02
1.194931694030761662e+02
1.193277267456054744e+02
1.192164062500000057e+02
1.191196166992187528e+02
1.189713264465331974e+02
1.187906585693359318e+02
1.186210182189941378e+02
1.184727714538574190e+02
1.183218994140625000e+02
1.181264900207519588e+02
1.179383064270019474e+02
1.177729751586914091e+02
1.175977554321289062e+02
1.173924888610839901e+02
1.171806098937988310e+02
1.169740150451660128e+02
1.167643020629882784e+02
1.165238739013671818e+02
1.163191772460937443e+02
1.161204498291015597e+02
1.159245162963867131e+02
1.157755279541015625e+02
1.155947479248046932e+02
1.154041305541992131e+02
1.151971405029296847e+02
1.150186660766601534e+02
1.148340003967285128e+02
1.146449378967285213e+02
1.144453002929687528e+02
1.142570724487304688e+02
1.140616577148437472e+02
1.139200546264648466e+02
1.137253997802734347e+02
1.134944412231445341e+02
1.132734077453613253e+02
1.130481002807617159e+02
1.128074455261230469e+02
1.125794654846191349e+02
1.123473045349121122e+02
1.121334251403808651e+02
1.119385917663574190e+02
1.117162170410156250e+02
1.115182914733886719e+02
1.161685028076171875e+02
1.157945075988769474e+02
1.153361610412597713e+02
1.148440864562988253e+02
1.143119804382324247e+02
1.138081901550292940e+02
1.132772926330566463e+02
1.127741249084472628e+02
1.122682449340820341e+02
1.117526062011718722e+02
1.112235351562499943e+02
1.106817893981933594e+02
1.101839958190917912e+02
1.096824356079101506e+02
1.092157295227050753e+02
1.087543312072753849e+02
1.083172973632812557e+02
1.078541236877441349e+02
1.074066123962402344e+02
1.069802375793456974e+02
1.065301879882812557e+02
1.060295478820800810e+02
1.055630325317382869e+02
1.051142471313476534e+02
1.046651100158691463e+02
1.042262245178222599e+02
1.037771865844726591e+02
1.033358100891113338e+02
1.029468971252441349e+02
1.025981895446777372e+02
1.022290176391601619e+02
1.018288101196289119e+02
1.014689125061035213e+02
1.011247413635253878e+02
1.007888717651367188e+02
1.004685539245605526e+02
1.001248786926269503e+02
9.975594406127929403e+01
9.938664093017578693e+01
9.903555068969725994e+01
9.868338623046875568e+01
9.835259475708008381e+01
9.802084808349609091e+01
9.771950836181640909e+01
9.743690414428711222e+01
9.716680068969726847e+01
9.687531433105468182e+01
9.655369415283203693e+01
9.624674377441405682e+01
9.596175842285155966e+01
9.461118392944335653e+01
9.434109497070312500e+01
9.410867080688475994e+01
9.392551422119140625e+01
9.372155532836913494e+01
9.348762588500976278e+01
9.325407791137695312e+01
9.301209793090819744e+01
9.277451553344727131e+01
9.251318969726563068e+01
9.232794342041015057e+01
9.214559631347655966e+01
9.194037857055664631e+01
9.174038162231445881e+01
9.160203323364257244e+01
9.144891891479491619e+01
9.123817825317382812e+01
9.106715850830077841e+01
9.088832168579101278e+01
9.072996826171875284e+01
9.056368026733397869e+01
9.043285217285156818e+01
9.024901885986328409e+01
9.003685455322265341e+01
8.983060684204102131e+01
8.972198715209961506e+01
8.962463531494140057e+01
8.945445022583007244e+01
8.926317520141601847e+01
8.908930969238281250e+01
8.888655319213867756e+01
8.870703125000000000e+01
8.856133422851561932e+01
8.842376403808593466e+01
8.832225723266601847e+01
8.824275741577147869e+01
8.813524780273436932e+01
8.800124130249022869e+01
8.786797256469726847e+01
8.773962020874023438e+01
8.762361831665039347e+01
8.749238281249999716e+01
8.736385421752929403e+01
8.727976074218750568e+01
8.719899826049804403e+01
8.706067276000976562e+01
8.696381378173828125e+01
8.686887435913085653e+01
8.676926956176757244e+01
8.665622711181640625e+01
8.337802581787109091e+01
8.333270874023438068e+01
8.340034332275391193e+01
8.354442520141601847e+01
8.364570693969726278e+01
8.369639816284180256e+01
8.379039459228515341e+01
8.392524185180664631e+01
8.407228622436522869e+01
8.419860229492186932e+01
8.430429458618164062e+01
8.439590225219725994e+01
8.454772033691406818e+01
8.469408111572265341e+01
8.487343292236327841e+01
8.502962112426757812e+01
8.514298477172852131e+01
8.526555252075195312e+01
8.543528594970703693e+01
8.561806106567382812e+01
8.584734573364258381e+01
8.607272567749024006e+01
8.628204879760741619e+01
8.653185501098633381e+01
8.679706344604491619e+01
8.709388198852539631e+01
8.739028472900390909e+01
8.767017211914063068e+01
8.797360534667969034e+01
8.830870132446288778e+01
8.864770202636718466e+01
8.900596771240233807e+01
8.934717483520508097e+01
8.968169860839843466e+01
9.006717681884765625e+01
9.047263031005859091e+01
9.089178314208984943e+01
9.130960006713867472e+01
9.173304214477539631e+01
9.219272689819335653e+01
9.265198745727539631e+01
9.316150894165039631e+01
9.361083145141601847e+01
9.401773376464844034e+01
9.445660552978515057e+01
9.490695953369140625e+01
9.544507675170898153e+01
9.600112457275390909e+01
9.656830596923828125e+01
9.714777984619141193e+01
1.022370971679687557e+02
1.027168113708496122e+02
1.031502326965332088e+02
1.036125030517578125e+02
1.041243751525878878e+02
1.045959068298339787e+02
1.050962669372558622e+02
1.056271057128906250e+02
1.061757667541503878e+02
1.068037666320800838e+02
1.074063758850097656e+02
1.079953041076660156e+02
1.085988861083984318e+02
1.092084449768066463e+02
1.098169570922851506e+02
1.104382453918456974e+02
1.110872741699218693e+02
1.117508956909179716e+02
1.124126304626464901e+02
1.131218116760253878e+02
1.138234596252441406e+02
1.145424987792968778e+02
1.153061622619628963e+02
1.161106422424316378e+02
1.169021850585937443e+02
1.176865646362304716e+02
1.184641006469726534e+02
1.192277305603027315e+02
1.200420684814453125e+02
1.209046874999999943e+02
1.217244346618652315e+02
1.225749923706054716e+02
1.234818710327148494e+02
1.244258766174316406e+02
1.252958816528320369e+02
1.261729042053222685e+02
1.270763717651367131e+02
1.279400238037109432e+02
1.288617149353027287e+02
1.297488861083984375e+02
1.306154251098632812e+02
1.315170722961425724e+02
1.324641464233398551e+02
1.334230445861816463e+02
1.343500495910644474e+02
1.353115470886230582e+02
1.363354988098144531e+02
1.374012474060058651e+02
1.384501472473144474e+02
1.394971008300781250e+02
